20,35.675
20.1,35.853
20.2,36.03
20.299,36.207
20.399,36.385
20.499,36.562
20.599,36.74
20.699,36.917
20.798,37.094
20.898,37.272
20.998,37.449
21.098,37.627
21.198,37.804
21.297,37.981
21.397,38.159
21.497,38.336
21.597,38.514
21.697,38.691
21.796,38.868
21.896,39.046
21.996,39.223
22.096,39.4
22.196,39.578
22.296,39.755
22.395,39.932
22.495,40.11
22.595,40.287
22.695,40.464
22.795,40.642
22.895,40.819
22.994,40.996
23.094,41.174
23.194,41.351
23.294,41.528
23.394,41.705
23.494,41.883
23.594,42.06
23.694,42.237
23.794,42.414
23.893,42.592
23.993,42.769
24.093,42.946
24.193,43.123
24.293,43.3
24.393,43.478
24.493,43.655
24.593,43.832
24.693,44.009
24.793,44.186
24.893,44.363
24.993,44.54
25.093,44.717
25.193,44.894
25.293,45.071
25.393,45.248
25.493,45.425
25.593,45.602
25.693,45.779
25.793,45.956
25.893,46.133
25.993,46.31
26.093,46.487
26.193,46.664
26.293,46.841
26.393,47.017
26.493,47.194
26.594,47.371
26.694,47.548
26.794,47.724
26.894,47.901
26.994,48.078
27.094,48.254
27.194,48.431
27.294,48.608
27.395,48.784
27.495,48.961
27.595,49.137
27.695,49.314
27.795,49.49
27.895,49.666
27.995,49.843
28.096,50.019
28.196,50.195
28.296,50.372
28.396,50.548
28.496,50.724
28.597,50.9
28.697,51.076
28.797,51.252
28.897,51.428
28.998,51.604
29.098,51.78
29.198,51.956
29.298,52.132
29.398,52.307
29.499,52.483
29.599,52.659
29.699,52.834
29.799,53.01
29.9,53.186
30,53.361
30.1,53.536
30.199,53.71
30.299,53.885
30.399,54.059
30.499,54.233
30.598,54.408
30.698,54.582
30.798,54.756
30.897,54.93
30.997,55.104
31.097,55.278
31.196,55.452
31.296,55.626
31.396,55.8
31.496,55.974
31.595,56.148
31.695,56.321
31.795,56.495
31.895,56.668
31.994,56.842
32.094,57.015
32.194,57.188
32.294,57.362
32.393,57.535
32.493,57.708
32.593,57.881
32.693,58.054
32.793,58.227
32.892,58.4
32.992,58.573
33.092,58.746
33.192,58.918
33.292,59.091
33.391,59.263
33.491,59.436
33.591,59.608
33.691,59.78
33.791,59.953
33.891,60.125
33.991,60.297
34.091,60.469
34.191,60.641
34.29,60.813
34.39,60.985
34.49,61.156
34.59,61.328
34.69,61.5
34.79,61.671
34.89,61.843
34.99,62.014
35.09,62.185
35.19,62.356
35.29,62.527
35.39,62.698
35.49,62.869
35.59,63.04
35.69,63.211
35.79,63.382
35.89,63.552
35.99,63.723
36.091,63.893
36.191,64.063
36.291,64.234
36.391,64.404
36.491,64.574
36.591,64.744
36.691,64.914
36.791,65.084
36.892,65.253
36.992,65.423
37.092,65.592
37.192,65.762
37.292,65.931
37.392,66.1
37.493,66.269
37.593,66.438
37.693,66.607
37.793,66.776
37.894,66.945
37.994,67.113
38.094,67.282
38.194,67.45
38.295,67.618
38.395,67.786
38.495,67.955
38.595,68.122
38.696,68.29
38.796,68.458
38.896,68.626
38.997,68.793
39.097,68.96
39.197,69.128
39.298,69.295
39.398,69.462
39.498,69.629
39.599,69.795
39.699,69.962
39.799,70.128
39.9,70.295
40,70.461
40.1,70.626
40.199,70.791
40.299,70.956
40.398,71.121
40.498,71.285
40.598,71.45
40.697,71.614
40.797,71.778
40.897,71.942
40.996,72.106
41.096,72.27
41.195,72.434
41.295,72.597
41.395,72.76
41.494,72.924
41.594,73.087
41.694,73.25
41.793,73.413
41.893,73.575
41.993,73.738
42.092,73.9
42.192,74.062
42.292,74.225
42.391,74.387
42.491,74.548
42.591,74.71
42.691,74.872
42.79,75.033
42.89,75.194
42.99,75.356
43.09,75.517
43.189,75.677
43.289,75.838
43.389,75.999
43.489,76.159
43.589,76.32
43.688,76.48
43.788,76.64
43.888,76.8
43.988,76.959
44.088,77.119
44.188,77.278
44.288,77.437
44.388,77.597
44.487,77.756
44.587,77.914
44.687,78.073
44.787,78.232
44.887,78.39
44.987,78.548
45.087,78.706
45.187,78.864
45.287,79.022
45.387,79.18
45.487,79.337
45.587,79.494
45.687,79.651
45.788,79.808
45.888,79.965
45.988,80.122
46.088,80.278
46.188,80.435
46.288,80.591
46.388,80.747
46.488,80.903
46.589,81.058
46.689,81.214
46.789,81.369
46.889,81.525
46.989,81.68
47.09,81.835
47.19,81.989
47.29,82.144
47.39,82.298
47.491,82.452
47.591,82.606
47.691,82.76
47.791,82.914
47.892,83.067
47.992,83.221
48.092,83.374
48.193,83.527
48.293,83.68
48.393,83.832
48.494,83.985
48.594,84.137
48.695,84.289
48.795,84.441
48.895,84.593
48.996,84.744
49.096,84.896
49.197,85.047
49.297,85.198
49.397,85.349
49.498,85.499
49.598,85.65
49.699,85.8
49.799,85.95
49.9,86.1
50,86.249
50.1,86.398
50.199,86.546
50.299,86.694
50.398,86.842
50.498,86.989
50.597,87.136
50.697,87.284
50.796,87.43
50.896,87.577
50.995,87.724
51.095,87.87
51.194,88.016
51.294,88.162
51.393,88.308
51.493,88.454
51.593,88.599
51.692,88.744
51.792,88.889
51.891,89.034
51.991,89.178
52.091,89.323
52.19,89.467
52.29,89.611
52.389,89.755
52.489,89.898
52.589,90.042
52.688,90.185
52.788,90.328
52.888,90.471
52.988,90.613
53.087,90.756
53.187,90.898
53.287,91.04
53.387,91.182
53.486,91.323
53.586,91.465
53.686,91.606
53.786,91.747
53.885,91.888
53.985,92.028
54.085,92.169
54.185,92.309
54.285,92.449
54.385,92.589
54.485,92.728
54.585,92.868
54.685,93.007
54.784,93.146
54.884,93.285
54.984,93.423
55.084,93.562
55.184,93.7
55.284,93.838
55.384,93.976
55.485,94.113
55.585,94.251
55.685,94.388
55.785,94.525
55.885,94.662
55.985,94.798
56.085,94.935
56.185,95.071
56.285,95.207
56.386,95.343
56.486,95.478
56.586,95.614
56.686,95.749
56.787,95.884
56.887,96.018
56.987,96.153
57.087,96.287
57.188,96.421
57.288,96.555
57.388,96.689
57.489,96.822
57.589,96.955
57.689,97.089
57.79,97.221
57.89,97.354
57.99,97.486
58.091,97.619
58.191,97.751
58.292,97.882
58.392,98.014
58.493,98.145
58.593,98.276
58.693,98.407
58.794,98.538
58.894,98.668
58.995,98.799
59.095,98.929
59.196,99.058
59.296,99.188
59.397,99.317
59.497,99.446
59.598,99.575
59.698,99.704
59.799,99.832
59.899,99.961
60,100.09
60.099,100.22
60.199,100.34
60.298,100.47
60.398,100.59
60.497,100.72
60.597,100.84
60.696,100.97
60.795,101.09
60.895,101.22
60.994,101.34
61.094,101.47
61.193,101.59
61.293,101.71
61.392,101.84
61.492,101.96
61.591,102.08
61.691,102.21
61.79,102.33
61.89,102.45
61.989,102.57
62.089,102.7
62.188,102.82
62.288,102.94
62.388,103.06
62.487,103.18
62.587,103.3
62.686,103.42
62.786,103.54
62.886,103.66
62.985,103.78
63.085,103.9
63.185,104.02
63.284,104.14
63.384,104.26
63.484,104.38
63.583,104.5
63.683,104.62
63.783,104.74
63.883,104.85
63.983,104.97
64.082,105.09
64.182,105.21
64.282,105.32
64.382,105.44
64.482,105.56
64.582,105.68
64.682,105.79
64.782,105.91
64.882,106.02
64.982,106.14
65.082,106.26
65.182,106.37
65.282,106.49
65.382,106.6
65.482,106.72
65.582,106.83
65.682,106.95
65.782,107.06
65.882,107.17
65.982,107.29
66.082,107.4
66.183,107.51
66.283,107.63
66.383,107.74
66.483,107.85
66.584,107.97
66.684,108.08
66.784,108.19
66.884,108.3
66.985,108.41
67.085,108.53
67.185,108.64
67.286,108.75
67.386,108.86
67.487,108.97
67.587,109.08
67.687,109.19
67.788,109.3
67.888,109.41
67.989,109.52
68.089,109.63
68.19,109.74
68.29,109.85
68.391,109.96
68.491,110.07
68.592,110.18
68.692,110.28
68.793,110.39
68.893,110.5
68.994,110.61
69.095,110.71
69.195,110.82
69.296,110.93
69.396,111.04
69.497,111.14
69.598,111.25
69.698,111.36
69.799,111.46
69.899,111.57
70,111.67
70.097,111.78
70.195,111.88
70.292,111.98
70.389,112.08
70.487,112.19
70.584,112.29
70.682,112.39
70.779,112.49
70.876,112.59
70.974,112.69
71.071,112.8
71.169,112.9
71.266,113
71.364,113.1
71.461,113.2
71.559,113.3
71.657,113.4
71.754,113.5
71.852,113.6
71.95,113.7
72.048,113.8
72.146,113.89
72.244,113.99
72.341,114.09
72.439,114.19
72.538,114.29
72.636,114.39
72.734,114.48
72.832,114.58
72.93,114.68
73.029,114.78
73.127,114.87
73.226,114.97
73.324,115.07
73.423,115.16
73.521,115.26
73.62,115.36
73.719,115.45
73.818,115.55
73.917,115.65
74.016,115.74
74.115,115.84
74.214,115.93
74.314,116.03
74.413,116.12
74.512,116.22
74.612,116.31
74.712,116.41
74.811,116.5
74.911,116.6
75.011,116.69
75.111,116.79
75.211,116.88
75.311,116.97
75.411,117.07
75.511,117.16
75.612,117.25
75.712,117.35
75.813,117.44
75.913,117.53
76.014,117.62
76.115,117.72
76.216,117.81
76.317,117.9
76.418,117.99
76.519,118.09
76.62,118.18
76.721,118.27
76.823,118.36
76.924,118.45
77.026,118.54
77.127,118.63
77.229,118.73
77.331,118.82
77.433,118.91
77.535,119
77.637,119.09
77.739,119.18
77.841,119.27
77.943,119.36
78.045,119.45
78.148,119.54
78.25,119.63
78.353,119.72
78.455,119.81
78.558,119.89
78.661,119.98
78.763,120.07
78.866,120.16
78.969,120.25
79.072,120.34
79.175,120.42
79.278,120.51
79.381,120.6
79.484,120.69
79.587,120.77
79.69,120.86
79.793,120.95
79.897,121.04
80,121.12
80.106,121.21
80.212,121.3
80.319,121.38
80.425,121.47
80.531,121.55
80.637,121.64
80.744,121.73
80.85,121.81
80.956,121.9
81.062,121.98
81.169,122.07
81.275,122.15
81.381,122.24
81.487,122.32
81.593,122.41
81.699,122.49
81.805,122.57
81.911,122.66
82.017,122.74
82.122,122.82
82.228,122.91
82.334,122.99
82.439,123.07
82.544,123.15
82.65,123.24
82.755,123.32
82.86,123.4
82.965,123.48
83.07,123.56
83.174,123.64
83.279,123.73
83.383,123.81
83.488,123.89
83.592,123.97
83.696,124.05
83.8,124.13
83.903,124.21
84.007,124.29
84.11,124.36
84.214,124.44
84.317,124.52
84.419,124.6
84.522,124.68
84.624,124.76
84.727,124.83
84.829,124.91
84.931,124.99
85.032,125.07
85.134,125.14
85.235,125.22
85.336,125.29
85.437,125.37
85.537,125.45
85.638,125.52
85.738,125.6
85.838,125.67
85.938,125.75
86.037,125.82
86.136,125.89
86.235,125.97
86.334,126.04
86.432,126.12
86.531,126.19
86.629,126.26
86.727,126.33
86.824,126.41
86.921,126.48
87.018,126.55
87.115,126.62
87.212,126.69
87.308,126.77
87.404,126.84
87.5,126.91
87.596,126.98
87.691,127.05
87.786,127.12
87.881,127.19
87.975,127.26
88.07,127.32
88.164,127.39
88.258,127.46
88.351,127.53
88.445,127.6
88.538,127.67
88.631,127.73
88.724,127.8
88.816,127.87
88.908,127.94
89,128
89.092,128.07
89.184,128.14
89.275,128.2
89.367,128.27
89.458,128.33
89.548,128.4
89.639,128.46
89.73,128.53
89.82,128.59
89.91,128.66
90,128.72
90.08,128.78
90.159,128.84
90.238,128.9
90.318,128.95
90.397,129.01
90.476,129.07
90.555,129.12
90.633,129.18
90.712,129.24
90.791,129.29
90.87,129.35
90.949,129.41
91.028,129.46
91.107,129.52
91.186,129.57
91.265,129.63
91.344,129.69
91.423,129.74
91.503,129.8
91.582,129.85
91.662,129.91
91.742,129.96
91.822,130.02
91.902,130.08
91.983,130.13
92.064,130.19
92.145,130.24
92.226,130.3
92.308,130.35
92.39,130.41
92.473,130.47
92.556,130.52
92.639,130.58
92.723,130.63
92.807,130.69
92.891,130.75
92.976,130.8
93.062,130.86
93.148,130.92
93.234,130.97
93.321,131.03
93.409,131.09
93.497,131.14
93.586,131.2
93.675,131.26
93.765,131.32
93.856,131.38
93.948,131.43
94.04,131.49
94.132,131.55
94.226,131.61
94.32,131.67
94.415,131.73
94.511,131.79
94.607,131.85
94.705,131.91
94.803,131.97
94.902,132.03
95.002,132.09
95.102,132.15
95.204,132.22
95.307,132.28
95.41,132.34
95.514,132.4
95.62,132.47
95.726,132.53
95.833,132.59
95.942,132.66
96.051,132.72
96.161,132.79
96.273,132.85
96.385,132.92
96.498,132.98
96.613,133.05
96.728,133.12
96.845,133.19
96.963,133.25
97.082,133.32
97.202,133.39
97.323,133.46
97.445,133.53
97.569,133.6
97.694,133.67
97.819,133.74
97.946,133.81
98.075,133.88
98.204,133.95
98.335,134.03
98.467,134.1
98.6,134.17
98.734,134.25
98.87,134.32
99.007,134.4
99.145,134.47
99.284,134.55
99.425,134.62
99.567,134.7
99.71,134.78
99.854,134.86
100,134.93
100.15,135.02
100.31,135.1
100.47,135.18
100.62,135.26
100.78,135.35
100.94,135.43
101.11,135.51
101.27,135.6
101.43,135.68
101.6,135.77
101.77,135.85
101.93,135.94
102.1,136.03
102.27,136.11
102.45,136.2
102.62,136.29
102.79,136.38
102.97,136.47
103.14,136.56
103.32,136.65
103.5,136.74
103.68,136.83
103.86,136.92
104.04,137.01
104.23,137.1
104.41,137.19
104.6,137.28
104.78,137.38
104.97,137.47
105.16,137.56
105.35,137.66
105.54,137.75
105.73,137.84
105.92,137.94
106.12,138.03
106.31,138.13
106.51,138.22
106.7,138.32
106.9,138.41
107.1,138.51
107.3,138.61
107.5,138.7
107.7,138.8
107.9,138.9
108.1,138.99
108.31,139.09
108.51,139.19
108.72,139.29
108.92,139.38
109.13,139.48
109.34,139.58
109.54,139.68
109.75,139.78
109.96,139.87
110.17,139.97
110.38,140.07
110.59,140.17
110.8,140.27
111.02,140.37
111.23,140.47
111.44,140.56
111.66,140.66
111.87,140.76
112.09,140.86
112.3,140.96
112.52,141.06
112.73,141.16
112.95,141.26
113.17,141.36
113.39,141.45
113.6,141.55
113.82,141.65
114.04,141.75
114.26,141.85
114.48,141.95
114.7,142.04
114.92,142.14
115.14,142.24
115.36,142.34
115.58,142.44
115.8,142.53
116.02,142.63
116.24,142.73
116.46,142.82
116.68,142.92
116.9,143.02
117.13,143.11
117.35,143.21
117.57,143.31
117.79,143.4
118.01,143.5
118.23,143.59
118.45,143.69
118.67,143.78
118.9,143.87
119.12,143.97
119.34,144.06
119.56,144.15
119.78,144.25
120,144.34
120.21,144.43
120.42,144.51
120.63,144.59
120.84,144.68
121.05,144.76
121.26,144.85
121.46,144.93
121.67,145.01
121.88,145.09
122.09,145.18
122.3,145.26
122.5,145.34
122.71,145.42
122.92,145.5
123.13,145.58
123.33,145.66
123.54,145.74
123.75,145.82
123.95,145.9
124.16,145.98
124.36,146.05
124.57,146.13
124.77,146.21
124.98,146.29
125.18,146.36
125.39,146.44
125.59,146.52
125.8,146.59
126,146.67
126.2,146.74
126.41,146.82
126.61,146.89
126.81,146.96
127.01,147.04
127.22,147.11
127.42,147.18
127.62,147.26
127.82,147.33
128.02,147.4
128.22,147.47
128.42,147.54
128.62,147.61
128.83,147.68
129.03,147.75
129.23,147.82
129.43,147.89
129.62,147.96
129.82,148.03
130.02,148.1
130.22,148.17
130.42,148.23
130.62,148.3
130.82,148.37
131.02,148.44
131.21,148.5
131.41,148.57
131.61,148.64
131.81,148.7
132,148.77
132.2,148.83
132.4,148.9
132.59,148.96
132.79,149.03
132.99,149.09
133.18,149.15
133.38,149.22
133.58,149.28
133.77,149.34
133.97,149.41
134.16,149.47
134.36,149.53
134.55,149.59
134.75,149.66
134.94,149.72
135.14,149.78
135.33,149.84
135.53,149.9
135.72,149.96
135.92,150.02
136.11,150.09
136.31,150.15
136.5,150.21
136.7,150.27
136.89,150.33
137.09,150.38
137.28,150.44
137.48,150.5
137.67,150.56
137.86,150.62
138.06,150.68
138.25,150.74
138.45,150.8
138.64,150.86
138.83,150.91
139.03,150.97
139.22,151.03
139.42,151.09
139.61,151.14
139.81,151.2
140,151.26
140.2,151.32
140.39,151.37
140.59,151.43
140.78,151.49
140.98,151.55
141.18,151.6
141.37,151.66
141.57,151.72
141.77,151.77
141.96,151.83
142.16,151.88
142.36,151.94
142.55,152
142.75,152.05
142.95,152.11
143.14,152.17
143.34,152.22
143.54,152.28
143.73,152.33
143.93,152.39
144.13,152.44
144.33,152.5
144.52,152.55
144.72,152.61
144.92,152.66
145.12,152.72
145.31,152.77
145.51,152.83
145.71,152.88
145.91,152.94
146.11,152.99
146.3,153.05
146.5,153.1
146.7,153.16
146.9,153.21
147.1,153.27
147.3,153.32
147.5,153.38
147.69,153.43
147.89,153.49
148.09,153.54
148.29,153.59
148.49,153.65
148.69,153.7
148.89,153.76
149.09,153.81
149.29,153.86
149.49,153.92
149.69,153.97
149.89,154.03
150.09,154.08
150.29,154.13
150.49,154.19
150.69,154.24
150.89,154.3
151.09,154.35
151.29,154.4
151.49,154.46
151.7,154.51
151.9,154.56
152.1,154.62
152.3,154.67
152.5,154.73
152.7,154.78
152.9,154.83
153.1,154.89
153.31,154.94
153.51,154.99
153.71,155.05
153.91,155.1
154.11,155.15
154.32,155.2
154.52,155.26
154.72,155.31
154.92,155.36
155.13,155.42
155.33,155.47
155.53,155.52
155.73,155.58
155.94,155.63
156.14,155.68
156.34,155.73
156.54,155.79
156.75,155.84
156.95,155.89
157.15,155.94
157.36,155.99
157.56,156.05
157.76,156.1
157.97,156.15
158.17,156.2
158.37,156.26
158.58,156.31
158.78,156.36
158.98,156.41
159.19,156.46
159.39,156.51
159.59,156.57
159.8,156.62
160,156.67
160.2,156.72
160.4,156.76
160.6,156.81
160.79,156.86
160.99,156.9
161.19,156.95
161.39,157
161.59,157.04
161.79,157.09
161.99,157.14
162.18,157.18
162.38,157.23
162.58,157.28
162.78,157.32
162.98,157.37
163.18,157.42
163.38,157.46
163.57,157.51
163.77,157.56
163.97,157.6
164.17,157.65
164.37,157.69
164.57,157.74
164.77,157.78
164.97,157.83
165.17,157.88
165.36,157.92
165.56,157.97
165.76,158.01
165.96,158.06
166.16,158.1
166.36,158.15
166.56,158.19
166.76,158.24
166.96,158.28
167.16,158.33
167.36,158.38
167.56,158.42
167.75,158.47
167.95,158.51
168.15,158.56
168.35,158.6
168.55,158.65
168.75,158.69
168.95,158.74
169.15,158.78
169.35,158.82
169.55,158.87
169.75,158.91
169.95,158.96
170.15,159
170.35,159.05
170.55,159.09
170.75,159.14
170.95,159.18
171.15,159.23
171.35,159.27
171.55,159.32
171.75,159.36
171.95,159.4
172.15,159.45
172.35,159.49
172.56,159.54
172.76,159.58
172.96,159.63
173.16,159.67
173.36,159.71
173.56,159.76
173.76,159.8
173.96,159.85
174.16,159.89
174.36,159.93
174.56,159.98
174.76,160.02
174.97,160.07
175.17,160.11
175.37,160.15
175.57,160.2
175.77,160.24
175.97,160.28
176.17,160.33
176.37,160.37
176.57,160.42
176.78,160.46
176.98,160.5
177.18,160.55
177.38,160.59
177.58,160.63
177.78,160.68
177.98,160.72
178.19,160.76
178.39,160.81
178.59,160.85
178.79,160.89
178.99,160.94
179.19,160.98
179.4,161.02
179.6,161.06
179.8,161.11
180,161.15
180.2,161.19
180.4,161.23
180.59,161.27
180.79,161.31
180.99,161.35
181.19,161.39
181.39,161.43
181.59,161.47
181.78,161.51
181.98,161.55
182.18,161.59
182.38,161.63
182.58,161.67
182.78,161.71
182.98,161.75
183.17,161.79
183.37,161.83
183.57,161.87
183.77,161.91
183.97,161.95
184.17,161.99
184.37,162.02
184.56,162.06
184.76,162.1
184.96,162.14
185.16,162.18
185.36,162.22
185.56,162.26
185.76,162.3
185.96,162.34
186.16,162.38
186.35,162.42
186.55,162.46
186.75,162.5
186.95,162.53
187.15,162.57
187.35,162.61
187.55,162.65
187.75,162.69
187.95,162.73
188.15,162.77
188.35,162.81
188.55,162.85
188.75,162.89
188.95,162.92
189.15,162.96
189.35,163
189.55,163.04
189.75,163.08
189.95,163.12
190.15,163.16
190.35,163.2
190.55,163.23
190.75,163.27
190.95,163.31
191.15,163.35
191.35,163.39
191.55,163.43
191.75,163.47
191.95,163.51
192.15,163.54
192.35,163.58
192.55,163.62
192.75,163.66
192.95,163.7
193.15,163.74
193.35,163.78
193.55,163.82
193.75,163.85
193.96,163.89
194.16,163.93
194.36,163.97
194.56,164.01
194.76,164.05
194.96,164.08
195.16,164.12
195.36,164.16
195.56,164.2
195.77,164.24
195.97,164.28
196.17,164.31
196.37,164.35
196.57,164.39
196.77,164.43
196.97,164.47
197.18,164.51
197.38,164.54
197.58,164.58
197.78,164.62
197.98,164.66
198.18,164.7
198.39,164.73
198.59,164.77
198.79,164.81
198.99,164.85
199.19,164.88
199.39,164.92
199.6,164.96
199.8,165
200,165.04
200.2,165.07
200.4,165.1
200.6,165.14
200.8,165.17
201,165.21
201.2,165.24
201.4,165.28
201.6,165.31
201.8,165.35
201.99,165.38
202.19,165.42
202.39,165.45
202.59,165.48
202.79,165.52
202.99,165.55
203.19,165.59
203.39,165.62
203.59,165.66
203.79,165.69
203.99,165.72
204.19,165.76
204.39,165.79
204.59,165.83
204.79,165.86
204.99,165.89
205.19,165.93
205.39,165.96
205.59,166
205.79,166.03
205.99,166.06
206.19,166.1
206.39,166.13
206.59,166.17
206.79,166.2
206.99,166.23
207.19,166.27
207.39,166.3
207.59,166.33
207.79,166.37
207.99,166.4
208.19,166.44
208.39,166.47
208.59,166.5
208.79,166.54
208.99,166.57
209.19,166.6
209.39,166.64
209.59,166.67
209.79,166.71
209.99,166.74
210.19,166.77
210.39,166.81
210.59,166.84
210.79,166.87
210.99,166.91
211.19,166.94
211.39,166.97
211.59,167.01
211.79,167.04
211.99,167.08
212.19,167.11
212.39,167.14
212.59,167.18
212.79,167.21
212.99,167.24
213.19,167.28
213.39,167.31
213.59,167.34
213.79,167.38
213.99,167.41
214.19,167.44
214.39,167.48
214.59,167.51
214.79,167.55
214.99,167.58
215.19,167.61
215.39,167.65
215.59,167.68
215.79,167.71
215.99,167.75
216.19,167.78
216.39,167.81
216.59,167.85
216.8,167.88
217,167.91
217.2,167.95
217.4,167.98
217.6,168.01
217.8,168.05
218,168.08
218.2,168.11
218.4,168.15
218.6,168.18
218.8,168.21
219,168.24
219.2,168.28
219.4,168.31
219.6,168.34
219.8,168.38
220,168.41
220.19,168.44
220.38,168.47
220.58,168.5
220.77,168.53
220.96,168.56
221.15,168.59
221.34,168.62
221.54,168.64
221.73,168.67
221.92,168.7
222.11,168.73
222.3,168.76
222.5,168.79
222.69,168.82
222.88,168.85
223.07,168.88
223.27,168.91
223.46,168.94
223.65,168.97
223.84,169
224.04,169.02
224.23,169.05
224.42,169.08
224.62,169.11
224.81,169.14
225,169.17
225.2,169.2
225.39,169.23
225.59,169.26
225.78,169.29
225.98,169.32
226.17,169.35
226.37,169.38
226.56,169.41
226.76,169.44
226.95,169.47
227.15,169.49
227.34,169.52
227.54,169.55
227.74,169.58
227.93,169.61
228.13,169.64
228.33,169.67
228.52,169.7
228.72,169.73
228.92,169.76
229.12,169.79
229.32,169.82
229.52,169.85
229.71,169.88
229.91,169.91
230.11,169.94
230.31,169.97
230.51,170
230.71,170.03
230.91,170.06
231.11,170.09
231.32,170.12
231.52,170.15
231.72,170.18
231.92,170.22
232.12,170.25
232.33,170.28
232.53,170.31
232.73,170.34
232.93,170.37
233.14,170.4
233.34,170.43
233.55,170.46
233.75,170.49
233.96,170.52
234.16,170.55
234.37,170.58
234.57,170.61
234.78,170.65
234.98,170.68
235.19,170.71
235.4,170.74
235.6,170.77
235.81,170.8
236.02,170.83
236.23,170.86
236.43,170.9
236.64,170.93
236.85,170.96
237.06,170.99
237.27,171.02
237.48,171.05
237.69,171.08
237.89,171.11
238.1,171.15
238.31,171.18
238.52,171.21
238.73,171.24
238.95,171.27
239.16,171.3
239.37,171.33
239.58,171.37
239.79,171.4
240,171.43
240.22,171.46
240.44,171.49
240.66,171.52
240.88,171.55
241.1,171.58
241.32,171.61
241.54,171.64
241.76,171.67
241.98,171.7
242.2,171.73
242.41,171.76
242.63,171.79
242.85,171.82
243.07,171.85
243.29,171.87
243.51,171.9
243.73,171.93
243.95,171.96
244.17,171.99
244.39,172.02
244.61,172.05
244.83,172.08
245.04,172.11
245.26,172.14
245.48,172.17
245.7,172.2
245.91,172.23
246.13,172.26
246.35,172.29
246.56,172.32
246.78,172.35
247,172.37
247.21,172.4
247.43,172.43
247.64,172.46
247.85,172.49
248.07,172.52
248.28,172.55
248.49,172.58
248.7,172.61
248.92,172.63
249.13,172.66
249.34,172.69
249.55,172.72
249.76,172.75
249.96,172.78
250.17,172.81
250.38,172.83
250.59,172.86
250.79,172.89
251,172.92
251.2,172.95
251.41,172.97
251.61,173
251.81,173.03
252.01,173.06
252.22,173.08
252.42,173.11
252.61,173.14
252.81,173.17
253.01,173.19
253.21,173.22
253.4,173.25
253.6,173.27
253.79,173.3
253.99,173.33
254.18,173.35
254.37,173.38
254.56,173.41
254.75,173.43
254.94,173.46
255.13,173.49
255.32,173.51
255.5,173.54
255.69,173.56
255.87,173.59
256.06,173.61
256.24,173.64
256.42,173.67
256.6,173.69
256.78,173.72
256.96,173.74
257.14,173.77
257.31,173.79
257.49,173.81
257.66,173.84
257.84,173.86
258.01,173.89
258.18,173.91
258.35,173.93
258.52,173.96
258.69,173.98
258.86,174
259.02,174.03
259.19,174.05
259.35,174.07
259.52,174.1
259.68,174.12
259.84,174.14
260,174.16
260.12,174.18
260.24,174.19
260.36,174.21
260.47,174.22
260.59,174.24
260.7,174.25
260.82,174.27
260.93,174.28
261.04,174.3
261.16,174.31
261.27,174.33
261.38,174.34
261.49,174.35
261.6,174.37
261.71,174.38
261.82,174.4
261.93,174.41
262.03,174.42
262.14,174.44
262.25,174.45
262.36,174.46
262.46,174.48
262.57,174.49
262.68,174.5
262.79,174.52
262.89,174.53
263,174.54
263.11,174.56
263.21,174.57
263.32,174.58
263.43,174.6
263.54,174.61
263.65,174.62
263.75,174.64
263.86,174.65
263.97,174.66
264.08,174.68
264.19,174.69
264.3,174.7
264.41,174.72
264.53,174.73
264.64,174.75
264.75,174.76
264.86,174.77
264.98,174.79
265.09,174.8
265.21,174.82
265.33,174.83
265.45,174.85
265.57,174.86
265.69,174.87
265.81,174.89
265.93,174.9
266.05,174.92
266.18,174.93
266.3,174.95
266.43,174.97
266.55,174.98
266.68,175
266.81,175.01
266.94,175.03
267.08,175.04
267.21,175.06
267.35,175.08
267.48,175.09
267.62,175.11
267.76,175.13
267.9,175.14
268.04,175.16
268.18,175.18
268.33,175.2
268.48,175.21
268.62,175.23
268.77,175.25
268.92,175.27
269.08,175.29
269.23,175.31
269.39,175.33
269.54,175.34
269.7,175.36
269.86,175.38
270.02,175.4
270.19,175.42
270.35,175.44
270.52,175.46
270.69,175.48
270.85,175.5
271.03,175.52
271.2,175.54
271.37,175.56
271.55,175.59
271.73,175.61
271.91,175.63
272.09,175.65
272.27,175.67
272.45,175.69
272.64,175.72
272.82,175.74
273.01,175.76
273.2,175.78
273.44,175.81
273.69,175.83
273.93,175.86
274.18,175.89
274.42,175.91
274.67,175.94
274.92,175.97
275.17,175.99
275.42,176.02
275.67,176.05
275.93,176.08
276.18,176.1
276.43,176.13
276.69,176.16
276.94,176.19
277.2,176.21
277.46,176.24
277.71,176.27
277.97,176.3
278.23,176.32
278.48,176.35
278.74,176.38
279,176.41
279.25,176.44
279.51,176.46
279.76,176.49
280.02,176.52
280.27,176.55
280.53,176.57
280.78,176.6
281.04,176.63
281.29,176.66
281.54,176.68
281.79,176.71
282.04,176.74
282.29,176.77
282.53,176.79
282.78,176.82
283.02,176.85
283.27,176.88
283.51,176.9
283.75,176.93
283.99,176.96
284.22,176.98
284.46,177.01
284.69,177.03
284.92,177.06
285.15,177.09
285.38,177.11
285.6,177.14
285.83,177.16
286.05,177.19
286.27,177.21
286.48,177.24
286.7,177.26
286.91,177.28
287.11,177.31
287.32,177.33
287.52,177.35
287.72,177.38
287.92,177.4
288.11,177.42
288.31,177.45
288.49,177.47
288.68,177.49
288.86,177.51
289.04,177.53
289.22,177.55
289.39,177.57
289.56,177.59
289.73,177.61
289.89,177.63
290.05,177.65
290.21,177.67
290.36,177.69
290.51,177.71
290.65,177.72
290.8,177.74
290.93,177.76
291.07,177.78
291.2,177.79
291.33,177.81
291.45,177.82
291.57,177.84
291.69,177.85
291.8,177.87
291.91,177.88
292.02,177.89
292.12,177.91
292.22,177.92
292.31,177.93
292.4,177.95
292.49,177.96
292.58,177.97
292.66,177.98
292.73,177.99
292.8,178
292.87,178.01
292.94,178.02
293,178.03
292.97,178.02
292.94,178.02
292.91,178.02
292.87,178.01
292.83,178.01
292.79,178
292.74,178
292.69,177.99
292.64,177.98
292.58,177.98
292.53,177.97
292.47,177.96
292.4,177.96
292.34,177.95
292.27,177.94
292.21,177.93
292.14,177.92
292.06,177.92
291.99,177.91
291.92,177.9
291.84,177.89
291.77,177.88
291.69,177.87
291.61,177.86
291.53,177.86
291.45,177.85
291.37,177.84
291.3,177.83
291.22,177.82
291.14,177.81
291.06,177.8
290.98,177.79
290.9,177.78
290.82,177.78
290.75,177.77
290.67,177.76
290.6,177.75
290.52,177.74
290.45,177.73
290.38,177.73
290.31,177.72
290.25,177.71
290.18,177.7
290.12,177.7
290.06,177.69
290.01,177.68
289.95,177.68
289.9,177.67
289.85,177.67
289.81,177.66
289.77,177.66
289.73,177.65
289.7,177.65
289.67,177.65
289.64,177.64
289.62,177.64
289.6,177.64
289.59,177.64
289.58,177.64
289.58,177.64
289.58,177.64
289.59,177.64
289.6,177.64
289.62,177.64
289.64,177.64
289.67,177.64
289.7,177.65
289.75,177.65
289.79,177.66
289.85,177.66
289.91,177.67
289.97,177.67
290.04,177.68
290.12,177.69
290.21,177.7
290.3,177.71
290.41,177.72
290.51,177.73
290.63,177.74
290.75,177.75
290.88,177.77
291.02,177.78
291.17,177.8
291.33,177.81
291.49,177.83
291.66,177.85
291.84,177.86
292.03,177.88
292.23,177.9
292.43,177.92
292.65,177.95
292.87,177.97
293.11,177.99
293.35,178.02
293.6,178.04
293.86,178.07
294.13,178.09
294.41,178.12
294.7,178.15
295,178.18
295.37,178.22
295.75,178.25
296.15,178.29
296.55,178.33
296.96,178.37
297.38,178.41
297.81,178.45
298.25,178.5
298.7,178.54
299.16,178.59
299.63,178.63
300.11,178.68
300.6,178.72
301.1,178.77
301.61,178.82
302.12,178.87
302.65,178.92
303.19,178.97
303.74,179.03
304.29,179.08
304.86,179.13
305.44,179.19
306.02,179.25
306.61,179.3
307.22,179.36
307.83,179.42
308.45,179.48
309.08,179.54
309.72,179.6
310.37,179.66
311.03,179.72
311.7,179.79
312.38,179.85
313.06,179.92
313.76,179.98
314.46,180.05
315.17,180.11
315.89,180.18
316.62,180.25
317.35,180.32
318.1,180.39
318.85,180.46
319.61,180.53
320.38,180.6
321.16,180.67
321.94,180.75
322.74,180.82
323.54,180.89
324.34,180.97
325.16,181.04
325.98,181.12
326.81,181.19
327.65,181.27
328.49,181.35
329.35,181.42
330.2,181.5
331.07,181.58
331.94,181.66
332.82,181.74
333.7,181.82
334.59,181.9
335.49,181.98
336.39,182.06
337.3,182.14
338.22,182.22
339.14,182.3
340.06,182.38
341,182.46
341.93,182.55
342.88,182.63
343.82,182.71
344.78,182.8
345.73,182.88
346.7,182.96
347.66,183.05
348.63,183.13
349.61,183.21
350.59,183.3
351.58,183.38
352.56,183.46
353.56,183.55
354.55,183.63
355.55,183.72
356.56,183.8
357.56,183.89
358.57,183.97
359.59,184.05
360.6,184.14
361.62,184.22
362.65,184.31
363.67,184.39
364.7,184.47
365.73,184.56
366.76,184.64
367.8,184.72
368.83,184.81
369.87,184.89
370.91,184.97
371.96,185.05
373,185.14
373.98,185.21
374.97,185.28
375.96,185.35
376.95,185.42
377.94,185.49
378.93,185.56
379.92,185.63
380.92,185.71
381.91,185.77
382.91,185.84
383.9,185.91
384.9,185.98
385.9,186.05
386.9,186.12
387.9,186.19
388.9,186.25
389.9,186.32
390.91,186.39
391.91,186.46
392.91,186.52
393.92,186.59
394.92,186.65
395.93,186.72
396.93,186.78
397.94,186.85
398.94,186.91
399.95,186.98
400.96,187.04
401.96,187.11
402.97,187.17
403.98,187.23
404.99,187.29
406,187.36
407,187.42
408.01,187.48
409.02,187.54
410.03,187.6
411.03,187.66
412.04,187.72
413.05,187.78
414.06,187.84
415.07,187.9
416.07,187.96
417.08,188.02
418.09,188.07
419.09,188.13
420.1,188.19
421.11,188.24
422.11,188.3
423.12,188.36
424.13,188.41
425.13,188.47
426.14,188.52
427.14,188.58
428.15,188.63
429.15,188.69
430.15,188.74
431.16,188.79
432.16,188.85
433.16,188.9
434.17,188.95
435.17,189.01
436.17,189.06
437.17,189.11
438.17,189.16
439.17,189.21
440.17,189.26
441.17,189.31
442.17,189.36
443.17,189.41
444.17,189.46
445.17,189.51
446.17,189.56
447.17,189.61
448.16,189.66
449.16,189.7
450.16,189.75
451.15,189.8
452.15,189.85
453.15,189.89
454.14,189.94
455.14,189.99
456.13,190.03
457.12,190.08
458.12,190.12
459.11,190.17
460.11,190.21
461.1,190.26
462.09,190.3
463.08,190.35
464.08,190.39
465.07,190.43
466.06,190.48
467.05,190.52
468.04,190.56
469.04,190.61
470.03,190.65
471.02,190.69
472.01,190.73
473,190.78
474.01,190.82
475.02,190.86
476.03,190.9
477.04,190.94
478.05,190.98
479.06,191.02
480.07,191.06
481.07,191.1
482.08,191.14
483.09,191.18
484.1,191.22
485.11,191.26
486.11,191.3
487.12,191.34
488.13,191.38
489.14,191.42
490.14,191.46
491.15,191.5
492.16,191.53
493.16,191.57
494.17,191.61
495.17,191.65
496.18,191.68
497.18,191.72
498.19,191.76
499.19,191.8
500.2,191.83
501.2,191.87
502.21,191.91
503.21,191.94
504.22,191.98
505.22,192.02
506.22,192.05
507.23,192.09
508.23,192.12
509.23,192.16
510.23,192.19
511.24,192.23
512.24,192.26
513.24,192.3
514.24,192.33
515.24,192.37
516.24,192.4
517.24,192.44
518.25,192.47
519.25,192.51
520.25,192.54
521.25,192.57
522.25,192.61
523.25,192.64
524.25,192.67
525.24,192.71
526.24,192.74
527.24,192.77
528.24,192.81
529.24,192.84
530.24,192.87
531.23,192.91
532.23,192.94
533.23,192.97
534.23,193
535.22,193.03
536.22,193.07
537.22,193.1
538.21,193.13
539.21,193.16
540.21,193.19
541.2,193.22
542.2,193.26
543.19,193.29
544.19,193.32
545.19,193.35
546.18,193.38
547.18,193.41
548.17,193.44
549.17,193.47
550.16,193.5
551.15,193.53
552.15,193.56
553.14,193.59
554.14,193.62
555.13,193.65
556.12,193.68
557.12,193.71
558.11,193.73
559.1,193.76
560.1,193.79
561.09,193.82
562.08,193.85
563.08,193.88
564.07,193.91
565.06,193.93
566.05,193.96
567.05,193.99
568.04,194.02
569.03,194.04
570.02,194.07
571.02,194.1
572.01,194.12
573,194.15
573.95,194.17
574.91,194.19
575.86,194.22
576.82,194.24
577.77,194.26
578.72,194.28
579.68,194.3
580.63,194.32
581.59,194.34
582.54,194.36
583.5,194.38
584.45,194.4
585.41,194.42
586.37,194.44
587.32,194.46
588.28,194.48
589.24,194.5
590.2,194.52
591.16,194.54
592.12,194.56
593.08,194.58
594.04,194.6
595,194.62
595.97,194.64
596.93,194.65
597.89,194.67
598.86,194.69
599.83,194.71
600.79,194.73
601.76,194.74
602.73,194.76
603.7,194.78
604.67,194.8
605.65,194.81
606.62,194.83
607.59,194.85
608.57,194.87
609.55,194.88
610.53,194.9
611.51,194.92
612.49,194.93
613.47,194.95
614.45,194.96
615.44,194.98
616.43,195
617.41,195.01
618.4,195.03
619.39,195.04
620.39,195.06
621.38,195.07
622.37,195.09
623.37,195.11
624.37,195.12
625.37,195.14
626.37,195.15
627.37,195.17
628.38,195.18
629.38,195.19
630.39,195.21
631.4,195.22
632.41,195.24
633.42,195.25
634.44,195.27
635.45,195.28
636.47,195.29
637.49,195.31
638.51,195.32
639.53,195.33
640.55,195.35
641.58,195.36
642.61,195.37
643.64,195.39
644.66,195.4
645.7,195.41
646.73,195.43
647.76,195.44
648.8,195.45
649.84,195.46
650.88,195.48
651.92,195.49
652.96,195.5
654,195.51
655.05,195.52
656.09,195.54
657.14,195.55
658.19,195.56
659.24,195.57
660.29,195.58
661.34,195.59
662.4,195.6
663.45,195.61
664.51,195.62
665.57,195.63
666.63,195.64
667.69,195.66
668.75,195.67
669.81,195.68
670.87,195.69
671.94,195.7
673,195.7
674.1,195.71
675.19,195.72
676.29,195.72
677.39,195.73
678.49,195.73
679.59,195.74
680.69,195.74
681.79,195.75
682.89,195.75
683.99,195.76
685.09,195.76
686.19,195.77
687.29,195.77
688.39,195.77
689.49,195.78
690.59,195.78
691.69,195.79
692.79,195.79
693.89,195.79
694.99,195.8
696.08,195.8
697.18,195.8
698.27,195.81
699.37,195.81
700.46,195.81
701.55,195.82
702.64,195.82
703.73,195.82
704.82,195.82
705.91,195.83
706.99,195.83
708.07,195.83
709.16,195.84
710.24,195.84
711.31,195.84
712.39,195.84
713.46,195.84
714.53,195.85
715.6,195.85
716.67,195.85
717.73,195.85
718.79,195.85
719.85,195.86
720.9,195.86
721.95,195.86
723,195.86
724.05,195.86
725.09,195.86
726.13,195.86
727.17,195.87
728.2,195.87
729.23,195.87
730.26,195.87
731.28,195.87
732.3,195.87
733.31,195.87
734.32,195.87
735.33,195.87
736.33,195.87
737.33,195.87
738.32,195.87
739.31,195.88
740.3,195.88
741.28,195.88
742.25,195.88
743.22,195.88
744.19,195.88
745.15,195.88
746.11,195.88
747.06,195.88
748.01,195.88
748.95,195.88
749.88,195.88
750.81,195.88
751.74,195.88
752.66,195.88
753.58,195.88
754.49,195.88
755.39,195.88
756.29,195.88
757.18,195.88
758.07,195.87
758.95,195.87
759.82,195.87
760.69,195.87
761.56,195.87
762.41,195.87
763.27,195.87
764.11,195.87
764.95,195.87
765.78,195.87
766.61,195.87
767.43,195.86
768.25,195.86
769.05,195.86
769.86,195.86
770.65,195.86
771.44,195.86
772.22,195.86
773,195.85
773.7,195.85
774.39,195.84
775.08,195.84
775.76,195.83
776.43,195.83
777.1,195.82
777.76,195.82
778.42,195.81
779.07,195.81
779.71,195.8
780.35,195.8
780.98,195.79
781.61,195.79
782.23,195.78
782.84,195.78
783.45,195.77
784.05,195.76
784.65,195.76
785.24,195.75
785.83,195.75
786.41,195.74
786.99,195.73
787.56,195.73
788.12,195.72
788.68,195.72
789.24,195.71
789.79,195.7
790.34,195.7
790.88,195.69
791.42,195.68
791.95,195.68
792.48,195.67
793,195.67
793.52,195.66
794.04,195.65
794.55,195.65
795.05,195.64
795.56,195.63
796.06,195.63
796.55,195.62
797.05,195.61
797.53,195.6
798.02,195.6
798.5,195.59
798.98,195.58
799.46,195.58
799.93,195.57
800.4,195.56
800.87,195.56
801.33,195.55
801.79,195.54
802.25,195.53
802.71,195.53
803.16,195.52
803.61,195.51
804.06,195.5
804.51,195.5
804.95,195.49
805.4,195.48
805.84,195.47
806.28,195.47
806.72,195.46
807.15,195.45
807.59,195.44
808.02,195.44
808.46,195.43
808.89,195.42
809.32,195.41
809.75,195.4
810.18,195.4
810.6,195.39
811.03,195.38
811.46,195.37
811.88,195.36
812.31,195.36
812.73,195.35
813.16,195.34
813.58,195.33
814,195.32
814.43,195.31
814.85,195.31
815.28,195.3
815.7,195.29
816.12,195.28
816.55,195.27
816.97,195.26
817.4,195.25
817.83,195.25
818.25,195.24
818.68,195.23
819.11,195.22
819.54,195.21
819.97,195.2
820.4,195.19
820.83,195.18
821.26,195.17
821.69,195.16
822.13,195.15
822.56,195.14
823,195.14
823.49,195.12
823.98,195.11
824.46,195.09
824.96,195.08
825.45,195.07
825.94,195.05
826.43,195.04
826.93,195.02
827.43,195.01
827.93,195
828.42,194.98
828.93,194.97
829.43,194.95
829.93,194.94
830.43,194.92
830.94,194.91
831.45,194.9
831.95,194.88
832.46,194.87
832.97,194.85
833.48,194.84
833.99,194.82
834.51,194.81
835.02,194.8
835.53,194.78
836.05,194.77
836.56,194.75
837.08,194.74
837.6,194.72
838.12,194.71
838.64,194.69
839.16,194.68
839.68,194.67
840.2,194.65
840.72,194.64
841.24,194.62
841.76,194.61
842.29,194.59
842.81,194.58
843.33,194.57
843.85,194.55
844.38,194.54
844.9,194.52
845.43,194.51
845.95,194.5
846.47,194.48
847,194.47
847.52,194.45
848.04,194.44
848.57,194.43
849.09,194.41
849.61,194.4
850.13,194.39
850.65,194.37
851.18,194.36
851.7,194.35
852.22,194.33
852.73,194.32
853.25,194.31
853.77,194.29
854.28,194.28
854.8,194.27
855.31,194.26
855.83,194.24
856.34,194.23
856.85,194.22
857.36,194.2
857.86,194.19
858.37,194.18
858.88,194.17
859.38,194.15
859.88,194.14
860.38,194.13
860.88,194.12
861.37,194.11
861.87,194.09
862.36,194.08
862.85,194.07
863.34,194.06
863.82,194.05
864.31,194.04
864.79,194.03
865.27,194.01
865.75,194
866.22,193.99
866.69,193.98
867.16,193.97
867.63,193.96
868.09,193.95
868.55,193.94
869.01,193.93
869.47,193.92
869.92,193.9
870.37,193.89
870.81,193.88
871.26,193.87
871.7,193.86
872.14,193.85
872.57,193.84
873,193.83
873.37,193.82
873.73,193.81
874.09,193.79
874.45,193.78
874.8,193.77
875.15,193.76
875.5,193.74
875.84,193.73
876.18,193.72
876.52,193.71
876.85,193.7
877.18,193.68
877.51,193.67
877.84,193.66
878.16,193.65
878.48,193.64
878.79,193.63
879.11,193.61
879.42,193.6
879.72,193.59
880.03,193.58
880.33,193.57
880.62,193.56
880.92,193.55
881.21,193.54
881.5,193.53
881.79,193.52
882.07,193.51
882.35,193.5
882.63,193.48
882.9,193.47
883.18,193.46
883.45,193.45
883.72,193.44
883.98,193.43
884.24,193.42
884.5,193.42
884.76,193.41
885.02,193.4
885.27,193.39
885.52,193.38
885.77,193.37
886.02,193.36
886.26,193.35
886.51,193.34
886.75,193.33
886.99,193.32
887.22,193.31
887.46,193.31
887.69,193.3
887.92,193.29
888.15,193.28
888.38,193.27
888.6,193.26
888.83,193.26
889.05,193.25
889.27,193.24
889.49,193.23
889.71,193.22
889.93,193.22
890.14,193.21
890.36,193.2
890.57,193.19
890.78,193.18
890.99,193.18
891.2,193.17
891.41,193.16
891.62,193.15
891.82,193.15
892.03,193.14
892.23,193.13
892.44,193.13
892.64,193.12
892.84,193.11
893.04,193.1
893.24,193.1
893.44,193.09
893.64,193.08
893.84,193.08
894.04,193.07
894.24,193.06
894.44,193.06
894.64,193.05
894.84,193.04
895.03,193.04
895.23,193.03
895.43,193.02
895.62,193.02
895.82,193.01
896.02,193
896.22,193
896.41,192.99
896.61,192.98
896.81,192.98
897.01,192.97
897.2,192.96
897.4,192.96
897.6,192.95
897.8,192.94
898,192.94
898.21,192.93
898.42,192.91
898.63,192.9
898.84,192.89
899.05,192.88
899.26,192.87
899.48,192.86
899.69,192.85
899.9,192.84
900.12,192.83
900.33,192.82
900.55,192.81
900.77,192.79
900.98,192.78
901.2,192.77
901.42,192.76
901.64,192.75
901.86,192.74
902.08,192.73
902.31,192.72
902.53,192.71
902.75,192.7
902.98,192.69
903.2,192.67
903.43,192.66
903.66,192.65
903.89,192.64
904.12,192.63
904.35,192.62
904.58,192.61
904.81,192.6
905.05,192.59
905.28,192.58
905.52,192.57
905.75,192.56
905.99,192.54
906.23,192.53
906.47,192.52
906.71,192.51
906.95,192.5
907.19,192.49
907.44,192.48
907.68,192.47
907.93,192.46
908.18,192.45
908.42,192.44
908.67,192.43
908.92,192.42
909.17,192.41
909.43,192.4
909.68,192.39
909.93,192.37
910.19,192.36
910.44,192.35
910.7,192.34
910.96,192.33
911.22,192.32
911.48,192.31
911.74,192.3
912,192.29
912.26,192.28
912.52,192.27
912.79,192.26
913.05,192.25
913.32,192.24
913.58,192.23
913.85,192.22
914.12,192.21
914.39,192.2
914.66,192.19
914.93,192.18
915.2,192.17
915.47,192.16
915.75,192.15
916.02,192.14
916.29,192.13
916.57,192.12
916.84,192.11
917.12,192.1
917.39,192.09
917.67,192.08
917.95,192.07
918.23,192.06
918.5,192.05
918.78,192.04
919.06,192.03
919.34,192.02
919.62,192.01
919.9,192
920.18,191.99
920.46,191.99
920.74,191.98
921.03,191.97
921.31,191.96
921.59,191.95
921.87,191.94
922.15,191.93
922.44,191.92
922.72,191.91
923,191.9
923.27,191.89
923.53,191.87
923.8,191.86
924.06,191.85
924.33,191.83
924.59,191.82
924.86,191.81
925.12,191.79
925.39,191.78
925.65,191.77
925.92,191.76
926.18,191.74
926.45,191.73
926.71,191.72
926.97,191.71
927.24,191.69
927.5,191.68
927.77,191.67
928.03,191.65
928.29,191.64
928.56,191.63
928.82,191.62
929.08,191.6
929.35,191.59
929.61,191.58
929.87,191.57
930.13,191.56
930.39,191.54
930.65,191.53
930.91,191.52
931.18,191.51
931.44,191.5
931.7,191.48
931.96,191.47
932.21,191.46
932.47,191.45
932.73,191.44
932.99,191.43
933.25,191.41
933.5,191.4
933.76,191.39
934.02,191.38
934.27,191.37
934.53,191.36
934.78,191.35
935.04,191.34
935.29,191.33
935.55,191.32
935.8,191.3
936.05,191.29
936.3,191.28
936.56,191.27
936.81,191.26
937.06,191.25
937.31,191.24
937.56,191.23
937.81,191.22
938.06,191.21
938.3,191.2
938.55,191.19
938.8,191.18
939.04,191.17
939.29,191.16
939.53,191.16
939.78,191.15
940.02,191.14
940.27,191.13
940.51,191.12
940.75,191.11
940.99,191.1
941.24,191.09
941.48,191.08
941.72,191.07
941.96,191.07
942.19,191.06
942.43,191.05
942.67,191.04
942.91,191.03
943.15,191.02
943.38,191.02
943.62,191.01
943.85,191
944.09,190.99
944.32,190.98
944.55,190.97
944.79,190.97
945.02,190.96
945.25,190.95
945.48,190.94
945.71,190.94
945.94,190.93
946.17,190.92
946.4,190.91
946.63,190.91
946.86,190.9
947.09,190.89
947.32,190.88
947.55,190.88
947.77,190.87
