60,1179.2
60.1,1187.4
60.2,1195.7
60.3,1204.1
60.4,1212.4
60.5,1220.8
60.6,1229.1
60.7,1237.6
60.8,1246
60.9,1254.5
61,1262.9
61.1,1271.5
61.2,1280
61.3,1288.5
61.4,1297.1
61.5,1305.7
61.6,1314.4
61.7,1323
61.8,1331.7
61.9,1340.4
62,1349.1
62.1,1357.9
62.2,1366.6
62.3,1375.4
62.4,1384.3
62.5,1393.1
62.6,1402
62.7,1410.8
62.8,1419.7
62.9,1428.7
63,1437.6
63.1,1446.6
63.2,1455.6
63.3,1464.6
63.4,1473.6
63.5,1482.7
63.6,1491.8
63.7,1500.9
63.8,1510
63.9,1519.2
64,1528.3
64.1,1537.5
64.2,1546.7
64.3,1555.9
64.4,1565.2
64.5,1574.5
64.6,1583.7
64.7,1593.1
64.8,1602.4
64.9,1611.7
65,1621.1
65.1,1630.5
65.2,1639.9
65.3,1649.3
65.4,1658.8
65.5,1668.2
65.6,1677.7
65.7,1687.2
65.8,1696.7
65.9,1706.3
66,1715.8
66.1,1725.4
66.2,1735
66.3,1744.6
66.4,1754.2
66.5,1763.9
66.6,1773.5
66.7,1783.2
66.8,1792.9
66.9,1802.6
67,1812.4
67.1,1822.1
67.2,1831.9
67.3,1841.7
67.4,1851.5
67.5,1861.3
67.6,1871.1
67.7,1881
67.8,1890.8
67.9,1900.7
68,1910.6
68.1,1920.5
68.2,1930.5
68.3,1940.4
68.4,1950.4
68.5,1960.3
68.6,1970.3
68.7,1980.3
68.8,1990.3
68.9,2000.4
69,2010.4
69.1,2020.5
69.2,2030.6
69.3,2040.7
69.4,2050.8
69.5,2060.9
69.6,2071
69.7,2081.2
69.8,2091.3
69.9,2101.5
70,2111.7
70.1,2121.9
70.2,2132.1
70.3,2142.3
70.4,2152.6
70.5,2162.8
70.6,2173.1
70.7,2183.4
70.8,2193.7
70.9,2204
71,2214.3
71.1,2224.6
71.2,2235
71.3,2245.3
71.4,2255.7
71.5,2266
71.6,2276.4
71.7,2286.8
71.8,2297.2
71.9,2307.7
72,2318.1
72.1,2328.5
72.2,2339
72.3,2349.4
72.4,2359.9
72.5,2370.4
72.6,2380.9
72.7,2391.4
72.8,2401.9
72.9,2412.4
73,2422.9
73.1,2433.5
73.2,2444
73.3,2454.6
73.4,2465.2
73.5,2475.7
73.6,2486.3
73.7,2496.9
73.8,2507.5
73.9,2518.2
74,2528.8
74.1,2539.4
74.2,2550
74.3,2560.7
74.4,2571.3
74.5,2582
74.6,2592.7
74.7,2603.4
74.8,2614
74.9,2624.7
75,2635.4
75.1,2646.1
75.2,2656.9
75.3,2667.6
75.4,2678.3
75.5,2689.1
75.6,2699.8
75.7,2710.5
75.8,2721.3
75.9,2732.1
76,2742.8
76.1,2753.6
76.2,2764.4
76.3,2775.2
76.4,2786
76.5,2796.8
76.6,2807.6
76.7,2818.4
76.8,2829.2
76.9,2840
77,2850.8
77.1,2861.7
77.2,2872.5
77.3,2883.3
77.4,2894.2
77.5,2905
77.6,2915.9
77.7,2926.7
77.8,2937.6
77.9,2948.5
78,2959.3
78.1,2970.2
78.2,2981.1
78.3,2992
78.4,3002.9
78.5,3013.8
78.6,3024.7
78.7,3035.6
78.8,3046.5
78.9,3057.4
79,3068.3
79.1,3079.2
79.2,3090.1
79.3,3101
79.4,3111.9
79.5,3122.8
79.6,3133.8
79.7,3144.7
79.8,3155.6
79.9,3166.5
80,3177.5
80.1,3188.4
80.2,3199.3
80.3,3210.3
80.4,3221.2
80.5,3232.2
80.6,3243.1
80.7,3254
80.8,3265
80.9,3275.9
81,3286.9
81.1,3297.8
81.2,3308.8
81.3,3319.7
81.4,3330.7
81.5,3341.6
81.6,3352.6
81.7,3363.5
81.8,3374.5
81.9,3385.4
82,3396.4
82.1,3407.4
82.2,3418.3
82.3,3429.3
82.4,3440.2
82.5,3451.2
82.6,3462.1
82.7,3473.1
82.8,3484
82.9,3495
83,3505.9
83.1,3516.9
83.2,3527.8
83.3,3538.8
83.4,3549.7
83.5,3560.7
83.6,3571.6
83.7,3582.6
83.8,3593.5
83.9,3604.4
84,3615.4
84.1,3626.3
84.2,3637.3
84.3,3648.2
84.4,3659.1
84.5,3670.1
84.6,3681
84.7,3691.9
84.8,3702.8
84.9,3713.8
85,3724.7
85.1,3735.6
85.2,3746.5
85.3,3757.4
85.4,3768.4
85.5,3779.3
85.6,3790.2
85.7,3801.1
85.8,3812
85.9,3822.9
86,3833.8
86.1,3844.7
86.2,3855.5
86.3,3866.4
86.4,3877.3
86.5,3888.2
86.6,3899.1
86.7,3909.9
86.8,3920.8
86.9,3931.7
87,3942.5
87.1,3953.4
87.2,3964.2
87.3,3975.1
87.4,3985.9
87.5,3996.8
87.6,4007.6
87.7,4018.5
87.8,4029.3
87.9,4040.1
88,4050.9
88.1,4061.7
88.2,4072.6
88.3,4083.4
88.4,4094.2
88.5,4105
88.6,4115.7
88.7,4126.5
88.8,4137.3
88.9,4148.1
89,4158.9
89.1,4169.6
89.2,4180.4
89.3,4191.2
89.4,4201.9
89.5,4212.7
89.6,4223.4
89.7,4234.1
89.8,4244.9
89.9,4255.6
90,4266.3
90.1,4277
90.2,4287.7
90.3,4298.4
90.4,4309.1
90.5,4319.8
90.6,4330.5
90.7,4341.2
90.8,4351.9
90.9,4362.5
91,4373.2
91.1,4383.8
91.2,4394.5
91.3,4405.1
91.4,4415.8
91.5,4426.4
91.6,4437
91.7,4447.6
91.8,4458.2
91.9,4468.8
92,4479.4
92.1,4490
92.2,4500.6
92.3,4511.2
92.4,4521.7
92.5,4532.3
92.6,4542.9
92.7,4553.4
92.8,4563.9
92.9,4574.5
93,4585
93.1,4595.5
93.2,4606
93.3,4616.5
93.4,4627
93.5,4637.5
93.6,4648
93.7,4658.5
93.8,4668.9
93.9,4679.4
94,4689.9
94.1,4700.3
94.2,4710.7
94.3,4721.2
94.4,4731.6
94.5,4742
94.6,4752.4
94.7,4762.8
94.8,4773.2
94.9,4783.6
95,4793.9
95.1,4804.3
95.2,4814.7
95.3,4825
95.4,4835.4
95.5,4845.7
95.6,4856
95.7,4866.3
95.8,4876.6
95.9,4886.9
96,4897.2
96.1,4907.5
96.2,4917.8
96.3,4928
96.4,4938.3
96.5,4948.5
96.6,4958.8
96.7,4969
96.8,4979.2
96.9,4989.4
97,4999.7
97.1,5009.8
97.2,5020
97.3,5030.2
97.4,5040.4
97.5,5050.5
97.6,5060.7
97.7,5070.8
97.8,5081
97.9,5091.1
98,5101.2
98.1,5111.3
98.2,5121.4
98.3,5131.5
98.4,5141.6
98.5,5151.6
98.6,5161.7
98.7,5171.8
98.8,5181.8
98.9,5191.8
99,5201.8
99.1,5211.9
99.2,5221.9
99.3,5231.9
99.4,5241.8
99.5,5251.8
99.6,5261.8
99.7,5271.7
99.8,5281.7
99.9,5291.6
100,5301.5
100.1,5311.5
100.2,5321.4
100.3,5331.3
100.4,5341.2
100.5,5351
100.6,5360.9
100.7,5370.8
100.8,5380.6
100.9,5390.5
101,5400.3
101.1,5410.1
101.2,5419.9
101.3,5429.7
101.4,5439.5
101.5,5449.3
101.6,5459.1
101.7,5468.8
101.8,5478.6
101.9,5488.3
102,5498
102.1,5507.8
102.2,5517.5
102.3,5527.2
102.4,5536.9
102.5,5546.5
102.6,5556.2
102.7,5565.9
102.8,5575.5
102.9,5585.1
103,5594.8
103.1,5604.4
103.2,5614
103.3,5623.6
103.4,5633.2
103.5,5642.8
103.6,5652.3
103.7,5661.9
103.8,5671.4
103.9,5681
104,5690.5
104.1,5700
104.2,5709.5
104.3,5719
104.4,5728.5
104.5,5738
104.6,5747.4
104.7,5756.9
104.8,5766.3
104.9,5775.7
105,5785.2
105.1,5794.6
105.2,5804
105.3,5813.4
105.4,5822.7
105.5,5832.1
105.6,5841.5
105.7,5850.8
105.8,5860.1
105.9,5869.5
106,5878.8
106.1,5888.1
106.2,5897.4
106.3,5906.7
106.4,5915.9
106.5,5925.2
106.6,5934.4
106.7,5943.7
106.8,5952.9
106.9,5962.1
107,5971.3
107.1,5980.5
107.2,5989.7
107.3,5998.9
107.4,6008
107.5,6017.2
107.6,6026.3
107.7,6035.5
107.8,6044.6
107.9,6053.7
108,6062.8
108.1,6071.9
108.2,6081
108.3,6090
108.4,6099.1
108.5,6108.1
108.6,6117.2
108.7,6126.2
108.8,6135.2
108.9,6144.2
109,6153.2
109.1,6162.2
109.2,6171.1
109.3,6180.1
109.4,6189.1
109.5,6198
109.6,6206.9
109.7,6215.8
109.8,6224.7
109.9,6233.6
110,6242.5
110.1,6251.4
110.2,6260.2
110.3,6269.1
110.4,6277.9
110.5,6286.8
110.6,6295.6
110.7,6304.4
110.8,6313.2
110.9,6322
111,6330.7
111.1,6339.5
111.2,6348.2
111.3,6357
111.4,6365.7
111.5,6374.4
111.6,6383.1
111.7,6391.8
111.8,6400.5
111.9,6409.2
112,6417.9
112.1,6426.5
112.2,6435.2
112.3,6443.8
112.4,6452.4
112.5,6461
112.6,6469.6
112.7,6478.2
112.8,6486.8
112.9,6495.4
113,6503.9
113.1,6512.5
113.2,6521
113.3,6529.5
113.4,6538
113.5,6546.5
113.6,6555
113.7,6563.5
113.8,6572
113.9,6580.4
114,6588.9
114.1,6597.3
114.2,6605.7
114.3,6614.1
114.4,6622.5
114.5,6630.9
114.6,6639.3
114.7,6647.7
114.8,6656.1
114.9,6664.4
115,6672.7
115.1,6681.1
115.2,6689.4
115.3,6697.7
115.4,6706
115.5,6714.3
115.6,6722.5
115.7,6730.8
115.8,6739.1
115.9,6747.3
116,6755.5
116.1,6763.8
116.2,6772
116.3,6780.2
116.4,6788.4
116.5,6796.5
116.6,6804.7
116.7,6812.9
116.8,6821
116.9,6829.1
117,6837.3
117.1,6845.4
117.2,6853.5
117.3,6861.6
117.4,6869.6
117.5,6877.7
117.6,6885.8
117.7,6893.8
117.8,6901.9
117.9,6909.9
118,6917.9
118.1,6925.9
118.2,6933.9
118.3,6941.9
118.4,6949.9
118.5,6957.8
118.6,6965.8
118.7,6973.7
118.8,6981.7
118.9,6989.6
119,6997.5
119.1,7005.4
119.2,7013.3
119.3,7021.2
119.4,7029
119.5,7036.9
119.6,7044.7
119.7,7052.6
119.8,7060.4
119.9,7068.2
120,7076
120.1,7083.8
120.2,7091.6
120.3,7099.4
120.4,7107.2
120.5,7114.9
120.6,7122.7
120.7,7130.4
120.8,7138.1
120.9,7145.8
121,7153.5
121.1,7161.2
121.2,7168.9
121.3,7176.6
121.4,7184.3
121.5,7191.9
121.6,7199.5
121.7,7207.2
121.8,7214.8
121.9,7222.4
122,7230
122.1,7237.6
122.2,7245.2
122.3,7252.8
122.4,7260.3
122.5,7267.9
122.6,7275.4
122.7,7282.9
122.8,7290.5
122.9,7298
123,7305.5
123.1,7313
123.2,7320.4
123.3,7327.9
123.4,7335.4
123.5,7342.8
123.6,7350.2
123.7,7357.7
123.8,7365.1
123.9,7372.5
124,7379.9
124.1,7387.3
124.2,7394.7
124.3,7402
124.4,7409.4
124.5,7416.8
124.6,7424.1
124.7,7431.4
124.8,7438.7
124.9,7446.1
125,7453.4
125.1,7460.6
125.2,7467.9
125.3,7475.2
125.4,7482.5
125.5,7489.7
125.6,7497
125.7,7504.2
125.8,7511.4
125.9,7518.6
126,7525.8
126.1,7533
126.2,7540.2
126.3,7547.4
126.4,7554.5
126.5,7561.7
126.6,7568.8
126.7,7576
126.8,7583.1
126.9,7590.2
127,7597.3
127.1,7604.4
127.2,7611.5
127.3,7618.6
127.4,7625.7
127.5,7632.7
127.6,7639.8
127.7,7646.8
127.8,7653.8
127.9,7660.9
128,7667.9
128.1,7674.9
128.2,7681.9
128.3,7688.9
128.4,7695.8
128.5,7702.8
128.6,7709.8
128.7,7716.7
128.8,7723.6
128.9,7730.6
129,7737.5
129.1,7744.4
129.2,7751.3
129.3,7758.2
129.4,7765.1
129.5,7771.9
129.6,7778.8
129.7,7785.7
129.8,7792.5
129.9,7799.3
130,7806.2
130.1,7813
130.2,7819.8
130.3,7826.6
130.4,7833.4
130.5,7840.2
130.6,7846.9
130.7,7853.7
130.8,7860.5
130.9,7867.2
131,7874
131.1,7880.7
131.2,7887.4
131.3,7894.1
131.4,7900.8
131.5,7907.5
131.6,7914.2
131.7,7920.9
131.8,7927.5
131.9,7934.2
132,7940.8
132.1,7947.5
132.2,7954.1
132.3,7960.7
132.4,7967.3
132.5,7974
132.6,7980.6
132.7,7987.1
132.8,7993.7
132.9,8000.3
133,8006.9
133.1,8013.4
133.2,8019.9
133.3,8026.5
133.4,8033
133.5,8039.5
133.6,8046
133.7,8052.5
133.8,8059
133.9,8065.5
134,8072
134.1,8078.5
134.2,8084.9
134.3,8091.4
134.4,8097.8
134.5,8104.3
134.6,8110.7
134.7,8117.1
134.8,8123.5
134.9,8129.9
135,8136.3
135.1,8142.7
135.2,8149.1
135.3,8155.4
135.4,8161.8
135.5,8168.2
135.6,8174.5
135.7,8180.8
135.8,8187.2
135.9,8193.5
136,8199.8
136.1,8206.1
136.2,8212.4
136.3,8218.7
136.4,8225
136.5,8231.2
136.6,8237.5
136.7,8243.7
136.8,8250
136.9,8256.2
137,8262.5
137.1,8268.7
137.2,8274.9
137.3,8281.1
137.4,8287.3
137.5,8293.5
137.6,8299.7
137.7,8305.9
137.8,8312
137.9,8318.2
138,8324.3
138.1,8330.5
138.2,8336.6
138.3,8342.8
138.4,8348.9
138.5,8355
138.6,8361.1
138.7,8367.2
138.8,8373.3
138.9,8379.4
139,8385.4
139.1,8391.5
139.2,8397.6
139.3,8403.6
139.4,8409.7
139.5,8415.7
139.6,8421.7
139.7,8427.8
139.8,8433.8
139.9,8439.8
140,8445.8
140.1,8451.8
140.2,8457.8
140.3,8463.7
140.4,8469.7
140.5,8475.7
140.6,8481.6
140.7,8487.6
140.8,8493.5
140.9,8499.5
141,8505.4
141.1,8511.3
141.2,8517.2
141.3,8523.1
141.4,8529
141.5,8534.9
141.6,8540.8
141.7,8546.7
141.8,8552.5
141.9,8558.4
142,8564.3
142.1,8570.1
142.2,8576
142.3,8581.8
142.4,8587.6
142.5,8593.4
142.6,8599.2
142.7,8605.1
142.8,8610.9
142.9,8616.6
143,8622.4
143.1,8628.2
143.2,8634
143.3,8639.7
143.4,8645.5
143.5,8651.3
143.6,8657
143.7,8662.7
143.8,8668.5
143.9,8674.2
144,8679.9
144.1,8685.6
144.2,8691.3
144.3,8697
144.4,8702.7
144.5,8708.4
144.6,8714.1
144.7,8719.7
144.8,8725.4
144.9,8731.1
145,8736.7
145.1,8742.3
145.2,8748
145.3,8753.6
145.4,8759.2
145.5,8764.9
145.6,8770.5
145.7,8776.1
145.8,8781.7
145.9,8787.3
146,8792.8
146.1,8798.4
146.2,8804
146.3,8809.6
146.4,8815.1
146.5,8820.7
146.6,8826.2
146.7,8831.8
146.8,8837.3
146.9,8842.8
147,8848.3
147.1,8853.9
147.2,8859.4
147.3,8864.9
147.4,8870.4
147.5,8875.9
147.6,8881.3
147.7,8886.8
147.8,8892.3
147.9,8897.8
148,8903.2
148.1,8908.7
148.2,8914.1
148.3,8919.6
148.4,8925
148.5,8930.4
148.6,8935.8
148.7,8941.3
148.8,8946.7
148.9,8952.1
149,8957.5
149.1,8962.9
149.2,8968.3
149.3,8973.6
149.4,8979
149.5,8984.4
149.6,8989.8
149.7,8995.1
149.8,9000.5
149.9,9005.8
150,9011.1
150.1,9016.5
150.2,9021.8
150.3,9027.1
150.4,9032.5
150.5,9037.8
150.6,9043.1
150.7,9048.4
150.8,9053.7
150.9,9059
151,9064.2
151.1,9069.5
151.2,9074.8
151.3,9080.1
151.4,9085.3
151.5,9090.6
151.6,9095.8
151.7,9101.1
151.8,9106.3
151.9,9111.6
152,9116.8
152.1,9122
152.2,9127.2
152.3,9132.4
152.4,9137.6
152.5,9142.8
152.6,9148
152.7,9153.2
152.8,9158.4
152.9,9163.6
153,9168.8
153.1,9173.9
153.2,9179.1
153.3,9184.3
153.4,9189.4
153.5,9194.6
153.6,9199.7
153.7,9204.9
153.8,9210
153.9,9215.1
154,9220.2
154.1,9225.4
154.2,9230.5
154.3,9235.6
154.4,9240.7
154.5,9245.8
154.6,9250.9
154.7,9256
154.8,9261
154.9,9266.1
155,9271.2
155.1,9276.3
155.2,9281.3
155.3,9286.4
155.4,9291.4
155.5,9296.5
155.6,9301.5
155.7,9306.6
155.8,9311.6
155.9,9316.6
156,9321.6
156.1,9326.7
156.2,9331.7
156.3,9336.7
156.4,9341.7
156.5,9346.7
156.6,9351.7
156.7,9356.7
156.8,9361.7
156.9,9366.6
157,9371.6
157.1,9376.6
157.2,9381.6
157.3,9386.5
157.4,9391.5
157.5,9396.4
157.6,9401.4
157.7,9406.3
157.8,9411.3
157.9,9416.2
158,9421.1
158.1,9426.1
158.2,9431
158.3,9435.9
158.4,9440.8
158.5,9445.7
158.6,9450.6
158.7,9455.5
158.8,9460.4
158.9,9465.3
159,9470.2
159.1,9475.1
159.2,9479.9
159.3,9484.8
159.4,9489.7
159.5,9494.5
159.6,9499.4
159.7,9504.3
159.8,9509.1
159.9,9514
160,9518.8
160.1,9523.6
160.2,9528.5
160.3,9533.3
160.4,9538.1
160.5,9543
160.6,9547.8
160.7,9552.6
160.8,9557.4
160.9,9562.2
161,9567
161.1,9571.8
161.2,9576.6
161.3,9581.4
161.4,9586.2
161.5,9590.9
161.6,9595.7
161.7,9600.5
161.8,9605.3
161.9,9610
162,9614.8
162.1,9619.5
162.2,9624.3
162.3,9629.1
162.4,9633.8
162.5,9638.5
162.6,9643.3
162.7,9648
162.8,9652.7
162.9,9657.5
163,9662.2
163.1,9666.9
163.2,9671.6
163.3,9676.3
163.4,9681
163.5,9685.7
163.6,9690.4
163.7,9695.1
163.8,9699.8
163.9,9704.5
164,9709.2
164.1,9713.9
164.2,9718.6
164.3,9723.2
164.4,9727.9
164.5,9732.6
164.6,9737.2
164.7,9741.9
164.8,9746.6
164.9,9751.2
165,9755.9
165.1,9760.5
165.2,9765.2
165.3,9769.8
165.4,9774.4
165.5,9779.1
165.6,9783.7
165.7,9788.3
165.8,9792.9
165.9,9797.6
166,9802.2
166.1,9806.8
166.2,9811.4
166.3,9816
166.4,9820.6
166.5,9825.2
166.6,9829.8
166.7,9834.4
166.8,9839
166.9,9843.6
167,9848.1
167.1,9852.7
167.2,9857.3
167.3,9861.9
167.4,9866.4
167.5,9871
167.6,9875.6
167.7,9880.1
167.8,9884.7
167.9,9889.2
168,9893.8
168.1,9898.3
168.2,9902.9
168.3,9907.4
168.4,9912
168.5,9916.5
168.6,9921
168.7,9925.5
168.8,9930.1
168.9,9934.6
169,9939.1
169.1,9943.6
169.2,9948.1
169.3,9952.7
169.4,9957.2
169.5,9961.7
169.6,9966.2
169.7,9970.7
169.8,9975.2
169.9,9979.7
170,9984.2
170.1,9988.6
170.2,9993.1
170.3,9997.6
170.4,10002
170.5,10007
170.6,10011
170.7,10016
170.8,10020
170.9,10024
171,10029
171.1,10033
171.2,10038
171.3,10042
171.4,10047
171.5,10051
171.6,10056
171.7,10060
171.8,10065
171.9,10069
172,10073
172.1,10078
172.2,10082
172.3,10087
172.4,10091
172.5,10096
172.6,10100
172.7,10104
172.8,10109
172.9,10113
173,10118
173.1,10122
173.2,10126
173.3,10131
173.4,10135
173.5,10140
173.6,10144
173.7,10148
173.8,10153
173.9,10157
174,10162
174.1,10166
174.2,10170
174.3,10175
174.4,10179
174.5,10183
174.6,10188
174.7,10192
174.8,10197
174.9,10201
175,10205
175.1,10210
175.2,10214
175.3,10218
175.4,10223
175.5,10227
175.6,10231
175.7,10236
175.8,10240
175.9,10245
176,10249
176.1,10253
176.2,10258
176.3,10262
176.4,10266
176.5,10271
176.6,10275
176.7,10279
176.8,10284
176.9,10288
177,10292
177.1,10296
177.2,10301
177.3,10305
177.4,10309
177.5,10314
177.6,10318
177.7,10322
177.8,10327
177.9,10331
178,10335
178.1,10340
178.2,10344
178.3,10348
178.4,10352
178.5,10357
178.6,10361
178.7,10365
178.8,10370
178.9,10374
179,10378
179.1,10383
179.2,10387
179.3,10391
179.4,10395
179.5,10400
179.6,10404
179.7,10408
179.8,10412
179.9,10417
180,10421
180.1,10425
180.2,10430
180.3,10434
180.4,10438
180.5,10442
180.6,10447
180.7,10451
180.8,10455
180.9,10459
181,10464
181.1,10468
181.2,10472
181.3,10476
181.4,10481
181.5,10485
181.6,10489
181.7,10493
181.8,10498
181.9,10502
182,10506
182.1,10510
182.2,10514
182.3,10519
182.4,10523
182.5,10527
182.6,10531
182.7,10536
182.8,10540
182.9,10544
183,10548
183.1,10553
183.2,10557
183.3,10561
183.4,10565
183.5,10569
183.6,10574
183.7,10578
183.8,10582
183.9,10586
184,10590
184.1,10595
184.2,10599
184.3,10603
184.4,10607
184.5,10612
184.6,10616
184.7,10620
184.8,10624
184.9,10628
185,10633
185.1,10637
185.2,10641
185.3,10645
185.4,10649
185.5,10654
185.6,10658
185.7,10662
185.8,10666
185.9,10670
186,10674
186.1,10679
186.2,10683
186.3,10687
186.4,10691
186.5,10695
186.6,10700
186.7,10704
186.8,10708
186.9,10712
187,10716
187.1,10721
187.2,10725
187.3,10729
187.4,10733
187.5,10737
187.6,10741
187.7,10746
187.8,10750
187.9,10754
188,10758
188.1,10762
188.2,10766
188.3,10771
188.4,10775
188.5,10779
188.6,10783
188.7,10787
188.8,10791
188.9,10796
189,10800
189.1,10804
189.2,10808
189.3,10812
189.4,10816
189.5,10821
189.6,10825
189.7,10829
189.8,10833
189.9,10837
190,10841
190.1,10846
190.2,10850
190.3,10854
190.4,10858
190.5,10862
190.6,10866
190.7,10871
190.8,10875
190.9,10879
191,10883
191.1,10887
191.2,10891
191.3,10895
191.4,10900
191.5,10904
191.6,10908
191.7,10912
191.8,10916
191.9,10920
192,10924
192.1,10929
192.2,10933
192.3,10937
192.4,10941
192.5,10945
192.6,10949
192.7,10954
192.8,10958
192.9,10962
193,10966
193.1,10970
193.2,10974
193.3,10978
193.4,10983
193.5,10987
193.6,10991
193.7,10995
193.8,10999
193.9,11003
194,11007
194.1,11012
194.2,11016
194.3,11020
194.4,11024
194.5,11028
194.6,11032
194.7,11036
194.8,11041
194.9,11045
195,11049
195.1,11053
195.2,11057
195.3,11061
195.4,11065
195.5,11070
195.6,11074
195.7,11078
195.8,11082
195.9,11086
196,11090
196.1,11094
196.2,11099
196.3,11103
196.4,11107
196.5,11111
196.6,11115
196.7,11119
196.8,11123
196.9,11128
197,11132
197.1,11136
197.2,11140
197.3,11144
197.4,11148
197.5,11152
197.6,11157
197.7,11161
197.8,11165
197.9,11169
198,11173
198.1,11177
198.2,11182
198.3,11186
198.4,11190
198.5,11194
198.6,11198
198.7,11202
198.8,11206
198.9,11211
199,11215
199.1,11219
199.2,11223
199.3,11227
199.4,11231
199.5,11235
199.6,11240
199.7,11244
199.8,11248
199.9,11252
200,11256
200.1,11260
200.2,11264
200.3,11269
200.4,11273
200.5,11277
200.6,11281
200.7,11285
200.8,11289
200.9,11294
201,11298
201.1,11302
201.2,11306
201.3,11310
201.4,11314
201.5,11319
201.6,11323
201.7,11327
201.8,11331
201.9,11335
202,11339
202.1,11343
202.2,11348
202.3,11352
202.4,11356
202.5,11360
202.6,11364
202.7,11368
202.8,11373
202.9,11377
203,11381
203.1,11385
203.2,11389
203.3,11393
203.4,11398
203.5,11402
203.6,11406
203.7,11410
203.8,11414
203.9,11419
204,11423
204.1,11427
204.2,11431
204.3,11435
204.4,11439
204.5,11444
204.6,11448
204.7,11452
204.8,11456
204.9,11460
205,11464
205.1,11469
205.2,11473
205.3,11477
205.4,11481
205.5,11485
205.6,11490
205.7,11494
205.8,11498
205.9,11502
206,11506
206.1,11511
206.2,11515
206.3,11519
206.4,11523
206.5,11527
206.6,11532
206.7,11536
206.8,11540
206.9,11544
207,11548
207.1,11553
207.2,11557
207.3,11561
207.4,11565
207.5,11569
207.6,11574
207.7,11578
207.8,11582
207.9,11586
208,11590
208.1,11595
208.2,11599
208.3,11603
208.4,11607
208.5,11611
208.6,11616
208.7,11620
208.8,11624
208.9,11628
209,11633
209.1,11637
209.2,11641
209.3,11645
209.4,11649
209.5,11654
209.6,11658
209.7,11662
209.8,11666
209.9,11671
210,11675
210.1,11679
210.2,11683
210.3,11688
210.4,11692
210.5,11696
210.6,11700
210.7,11705
210.8,11709
210.9,11713
211,11717
211.1,11722
211.2,11726
211.3,11730
211.4,11734
211.5,11739
211.6,11743
211.7,11747
211.8,11751
211.9,11756
212,11760
212.1,11764
212.2,11768
212.3,11773
212.4,11777
212.5,11781
212.6,11785
212.7,11790
212.8,11794
212.9,11798
213,11803
213.1,11807
213.2,11811
213.3,11815
213.4,11820
213.5,11824
213.6,11828
213.7,11832
213.8,11837
213.9,11841
214,11845
214.1,11850
214.2,11854
214.3,11858
214.4,11863
214.5,11867
214.6,11871
214.7,11875
214.8,11880
214.9,11884
215,11888
215.1,11893
215.2,11897
215.3,11901
215.4,11906
215.5,11910
215.6,11914
215.7,11919
215.8,11923
215.9,11927
216,11932
216.1,11936
216.2,11940
216.3,11945
216.4,11949
216.5,11953
216.6,11958
216.7,11962
216.8,11966
216.9,11971
217,11975
217.1,11979
217.2,11984
217.3,11988
217.4,11992
217.5,11997
217.6,12001
217.7,12005
217.8,12010
217.9,12014
218,12018
218.1,12023
218.2,12027
218.3,12031
218.4,12036
218.5,12040
218.6,12045
218.7,12049
218.8,12053
218.9,12058
219,12062
219.1,12066
219.2,12071
219.3,12075
219.4,12080
219.5,12084
219.6,12088
219.7,12093
219.8,12097
219.9,12102
220,12106
220.1,12110
220.2,12115
220.3,12119
220.4,12124
220.5,12128
220.6,12132
220.7,12137
220.8,12141
220.9,12146
221,12150
221.1,12155
221.2,12159
221.3,12163
221.4,12168
221.5,12172
221.6,12177
221.7,12181
221.8,12186
221.9,12190
222,12194
222.1,12199
222.2,12203
222.3,12208
222.4,12212
222.5,12217
222.6,12221
222.7,12226
222.8,12230
222.9,12234
223,12239
223.1,12243
223.2,12248
223.3,12252
223.4,12257
223.5,12261
223.6,12266
223.7,12270
223.8,12275
223.9,12279
224,12284
224.1,12288
224.2,12293
224.3,12297
224.4,12302
224.5,12306
224.6,12311
224.7,12315
224.8,12320
224.9,12324
225,12329
225.1,12333
225.2,12338
225.3,12342
225.4,12347
225.5,12351
225.6,12356
225.7,12360
225.8,12365
225.9,12369
226,12374
226.1,12378
226.2,12383
226.3,12388
226.4,12392
226.5,12397
226.6,12401
226.7,12406
226.8,12410
226.9,12415
227,12419
227.1,12424
227.2,12429
227.3,12433
227.4,12438
227.5,12442
227.6,12447
227.7,12451
227.8,12456
227.9,12461
228,12465
228.1,12470
228.2,12474
228.3,12479
228.4,12484
228.5,12488
228.6,12493
228.7,12497
228.8,12502
228.9,12507
229,12511
229.1,12516
229.2,12520
229.3,12525
229.4,12530
229.5,12534
229.6,12539
229.7,12544
229.8,12548
229.9,12553
230,12557
230.1,12562
230.2,12567
230.3,12571
230.4,12576
230.5,12581
230.6,12585
230.7,12590
230.8,12595
230.9,12599
231,12604
231.1,12609
231.2,12613
231.3,12618
231.4,12623
231.5,12627
231.6,12632
231.7,12637
231.8,12641
231.9,12646
232,12651
232.1,12655
232.2,12660
232.3,12665
232.4,12670
232.5,12674
232.6,12679
232.7,12684
232.8,12688
232.9,12693
233,12698
233.1,12703
233.2,12707
233.3,12712
233.4,12717
233.5,12722
233.6,12726
233.7,12731
233.8,12736
233.9,12741
234,12745
234.1,12750
234.2,12755
234.3,12760
234.4,12764
234.5,12769
234.6,12774
234.7,12779
234.8,12783
234.9,12788
235,12793
235.1,12798
235.2,12803
235.3,12807
235.4,12812
235.5,12817
235.6,12822
235.7,12827
235.8,12831
235.9,12836
236,12841
236.1,12846
236.2,12851
236.3,12855
236.4,12860
236.5,12865
236.6,12870
236.7,12875
236.8,12880
236.9,12884
237,12889
237.1,12894
237.2,12899
237.3,12904
237.4,12909
237.5,12914
237.6,12918
237.7,12923
237.8,12928
237.9,12933
238,12938
238.1,12943
238.2,12948
238.3,12953
238.4,12957
238.5,12962
238.6,12967
238.7,12972
238.8,12977
238.9,12982
239,12987
239.1,12992
239.2,12997
239.3,13002
239.4,13007
239.5,13012
239.6,13016
239.7,13021
239.8,13026
239.9,13031
240,13036
240.1,13041
240.2,13046
240.3,13051
240.4,13056
240.5,13061
240.6,13066
240.7,13071
240.8,13076
240.9,13081
241,13086
241.1,13091
241.2,13096
241.3,13101
241.4,13106
241.5,13111
241.6,13116
241.7,13121
241.8,13126
241.9,13131
242,13136
242.1,13141
242.2,13146
242.3,13151
242.4,13156
242.5,13161
242.6,13166
242.7,13171
242.8,13176
242.9,13181
243,13186
243.1,13191
243.2,13196
243.3,13201
243.4,13206
243.5,13211
243.6,13217
243.7,13222
243.8,13227
243.9,13232
244,13237
244.1,13242
244.2,13247
244.3,13252
244.4,13257
244.5,13262
244.6,13267
244.7,13273
244.8,13278
244.9,13283
245,13288
245.1,13293
245.2,13298
245.3,13303
245.4,13308
245.5,13314
245.6,13319
245.7,13324
245.8,13329
245.9,13334
246,13339
246.1,13345
246.2,13350
246.3,13355
246.4,13360
246.5,13365
246.6,13370
246.7,13376
246.8,13381
246.9,13386
247,13391
247.1,13396
247.2,13402
247.3,13407
247.4,13412
247.5,13417
247.6,13422
247.7,13428
247.8,13433
247.9,13438
248,13443
248.1,13449
248.2,13454
248.3,13459
248.4,13464
248.5,13470
248.6,13475
248.7,13480
248.8,13485
248.9,13491
249,13496
249.1,13501
249.2,13506
249.3,13512
249.4,13517
249.5,13522
249.6,13528
249.7,13533
249.8,13538
249.9,13544
250,13549
250.1,13554
250.2,13559
250.3,13565
250.4,13570
250.5,13575
250.6,13581
250.7,13586
250.8,13591
250.9,13597
251,13602
251.1,13608
251.2,13613
251.3,13618
251.4,13624
251.5,13629
251.6,13634
251.7,13640
251.8,13645
251.9,13651
252,13656
252.1,13661
252.2,13667
252.3,13672
252.4,13678
252.5,13683
252.6,13688
252.7,13694
252.8,13699
252.9,13705
253,13710
253.1,13716
253.2,13721
253.3,13726
253.4,13732
253.5,13737
253.6,13743
253.7,13748
253.8,13754
253.9,13759
254,13765
254.1,13770
254.2,13776
254.3,13781
254.4,13787
254.5,13792
254.6,13798
254.7,13803
254.8,13809
254.9,13814
255,13820
255.1,13825
255.2,13831
255.3,13836
255.4,13842
255.5,13847
255.6,13853
255.7,13858
255.8,13864
255.9,13870
256,13875
256.1,13881
256.2,13886
256.3,13892
256.4,13897
256.5,13903
256.6,13909
256.7,13914
256.8,13920
256.9,13925
257,13931
257.1,13937
257.2,13942
257.3,13948
257.4,13953
257.5,13959
257.6,13965
257.7,13970
257.8,13976
257.9,13982
258,13987
258.1,13993
258.2,13999
258.3,14004
258.4,14010
258.5,14016
258.6,14021
258.7,14027
258.8,14033
258.9,14038
259,14044
259.1,14050
259.2,14055
259.3,14061
259.4,14067
259.5,14072
259.6,14078
259.7,14084
259.8,14090
259.9,14095
260,14101
260.1,14107
260.2,14113
260.3,14118
260.4,14124
260.5,14130
260.6,14136
260.7,14141
260.8,14147
260.9,14153
261,14159
261.1,14164
261.2,14170
261.3,14176
261.4,14182
261.5,14188
261.6,14193
261.7,14199
261.8,14205
261.9,14211
262,14217
262.1,14223
262.2,14228
262.3,14234
262.4,14240
262.5,14246
262.6,14252
262.7,14258
262.8,14264
262.9,14269
263,14275
263.1,14281
263.2,14287
263.3,14293
263.4,14299
263.5,14305
263.6,14311
263.7,14317
263.8,14322
263.9,14328
264,14334
264.1,14340
264.2,14346
264.3,14352
264.4,14358
264.5,14364
264.6,14370
264.7,14376
264.8,14382
264.9,14388
265,14394
265.1,14400
265.2,14406
265.3,14412
265.4,14418
265.5,14424
265.6,14430
265.7,14436
265.8,14442
265.9,14448
266,14454
266.1,14460
266.2,14466
266.3,14472
266.4,14478
266.5,14484
266.6,14490
266.7,14496
266.8,14502
266.9,14508
267,14514
267.1,14520
267.2,14526
267.3,14532
267.4,14538
267.5,14544
267.6,14550
267.7,14557
267.8,14563
267.9,14569
268,14575
268.1,14581
268.2,14587
268.3,14593
268.4,14599
268.5,14606
268.6,14612
268.7,14618
268.8,14624
268.9,14630
269,14636
269.1,14642
269.2,14649
269.3,14655
269.4,14661
269.5,14667
269.6,14673
269.7,14680
269.8,14686
269.9,14692
270,14698
270.1,14704
270.2,14711
270.3,14717
270.4,14723
270.5,14729
270.6,14735
270.7,14742
270.8,14748
270.9,14754
271,14760
271.1,14767
271.2,14773
271.3,14779
271.4,14786
271.5,14792
271.6,14798
271.7,14804
271.8,14811
271.9,14817
272,14823
272.1,14830
272.2,14836
272.3,14842
272.4,14849
272.5,14855
272.6,14861
272.7,14868
272.8,14874
272.9,14880
273,14887
273.1,14893
273.2,14899
273.3,14906
273.4,14912
273.5,14919
273.6,14925
273.7,14931
273.8,14938
273.9,14944
274,14950
274.1,14957
274.2,14963
274.3,14970
274.4,14976
274.5,14983
274.6,14989
274.7,14995
274.8,15002
274.9,15008
275,15015
275.1,15021
275.2,15028
275.3,15034
275.4,15041
275.5,15047
275.6,15054
275.7,15060
275.8,15067
275.9,15073
276,15080
276.1,15086
276.2,15093
276.3,15099
276.4,15106
276.5,15112
276.6,15119
276.7,15125
276.8,15132
276.9,15139
277,15145
277.1,15152
277.2,15158
277.3,15165
277.4,15171
277.5,15178
277.6,15185
277.7,15191
277.8,15198
277.9,15204
278,15211
278.1,15218
278.2,15224
278.3,15231
278.4,15238
278.5,15244
278.6,15251
278.7,15257
278.8,15264
278.9,15271
279,15277
279.1,15284
279.2,15291
279.3,15297
279.4,15304
279.5,15311
279.6,15318
279.7,15324
279.8,15331
279.9,15338
280,15344
280.1,15351
280.2,15358
280.3,15365
280.4,15371
280.5,15378
280.6,15385
280.7,15392
280.8,15398
280.9,15405
281,15412
281.1,15419
281.2,15425
281.3,15432
281.4,15439
281.5,15446
281.6,15453
281.7,15459
281.8,15466
281.9,15473
282,15480
282.1,15487
282.2,15494
282.3,15500
282.4,15507
282.5,15514
282.6,15521
282.7,15528
282.8,15535
282.9,15542
283,15548
283.1,15555
283.2,15562
283.3,15569
283.4,15576
283.5,15583
283.6,15590
283.7,15597
283.8,15604
283.9,15611
284,15618
284.1,15625
284.2,15631
284.3,15638
284.4,15645
284.5,15652
284.6,15659
284.7,15666
284.8,15673
284.9,15680
285,15687
285.1,15694
285.2,15701
285.3,15708
285.4,15715
285.5,15722
285.6,15729
285.7,15736
285.8,15743
285.9,15750
286,15757
286.1,15764
286.2,15772
286.3,15779
286.4,15786
286.5,15793
286.6,15800
286.7,15807
286.8,15814
286.9,15821
287,15828
287.1,15835
287.2,15842
287.3,15849
287.4,15857
287.5,15864
287.6,15871
287.7,15878
287.8,15885
287.9,15892
288,15899
288.1,15907
288.2,15914
288.3,15921
288.4,15928
288.5,15935
288.6,15943
288.7,15950
288.8,15957
288.9,15964
289,15971
289.1,15979
289.2,15986
289.3,15993
289.4,16000
289.5,16007
289.6,16015
289.7,16022
289.8,16029
289.9,16036
290,16044
290.1,16051
290.2,16058
290.3,16066
290.4,16073
290.5,16080
290.6,16087
290.7,16095
290.8,16102
290.9,16109
291,16117
291.1,16124
291.2,16131
291.3,16139
291.4,16146
291.5,16153
291.6,16161
291.7,16168
291.8,16175
291.9,16183
292,16190
292.1,16198
292.2,16205
292.3,16212
292.4,16220
292.5,16227
292.6,16235
292.7,16242
292.8,16249
292.9,16257
293,16264
293.1,16272
293.2,16279
293.3,16287
293.4,16294
293.5,16302
293.6,16309
293.7,16317
293.8,16324
293.9,16332
294,16339
294.1,16347
294.2,16354
294.3,16362
294.4,16369
294.5,16377
294.6,16384
294.7,16392
294.8,16399
294.9,16407
295,16414
295.1,16422
295.2,16429
295.3,16437
295.4,16445
295.5,16452
295.6,16460
295.7,16467
295.8,16475
295.9,16482
296,16490
296.1,16498
296.2,16505
296.3,16513
296.4,16521
296.5,16528
296.6,16536
296.7,16543
296.8,16551
296.9,16559
297,16566
297.1,16574
297.2,16582
297.3,16589
297.4,16597
297.5,16605
297.6,16613
297.7,16620
297.8,16628
297.9,16636
298,16643
298.1,16651
298.2,16659
298.3,16667
298.4,16674
298.5,16682
298.6,16690
298.7,16698
298.8,16705
298.9,16713
299,16721
299.1,16729
299.2,16737
299.3,16744
299.4,16752
299.5,16760
299.6,16768
299.7,16776
299.8,16783
299.9,16791
300,16799
300.1,16807
300.2,16815
300.3,16823
300.4,16831
300.5,16838
300.6,16846
300.7,16854
300.8,16862
300.9,16870
301,16878
301.1,16886
301.2,16894
301.3,16902
301.4,16909
301.5,16917
301.6,16925
301.7,16933
301.8,16941
301.9,16949
302,16957
302.1,16965
302.2,16973
302.3,16981
302.4,16989
302.5,16997
302.6,17005
302.7,17013
302.8,17021
302.9,17029
303,17037
303.1,17045
303.2,17053
303.3,17061
303.4,17069
303.5,17077
303.6,17085
303.7,17093
303.8,17101
303.9,17109
304,17118
304.1,17126
304.2,17134
304.3,17142
304.4,17150
304.5,17158
304.6,17166
304.7,17174
304.8,17182
304.9,17190
305,17199
305.1,17207
305.2,17215
305.3,17223
305.4,17231
305.5,17239
305.6,17248
305.7,17256
305.8,17264
305.9,17272
306,17280
306.1,17288
306.2,17297
306.3,17305
306.4,17313
306.5,17321
306.6,17330
306.7,17338
306.8,17346
306.9,17354
307,17363
307.1,17371
307.2,17379
307.3,17387
307.4,17396
307.5,17404
307.6,17412
307.7,17420
307.8,17429
307.9,17437
308,17445
308.1,17454
308.2,17462
308.3,17470
308.4,17479
308.5,17487
308.6,17495
308.7,17504
308.8,17512
308.9,17520
309,17529
309.1,17537
309.2,17546
309.3,17554
309.4,17562
309.5,17571
309.6,17579
309.7,17588
309.8,17596
309.9,17604
310,17613
310.1,17621
310.2,17630
310.3,17638
310.4,17647
310.5,17655
310.6,17664
310.7,17672
310.8,17681
310.9,17689
311,17698
311.1,17706
311.2,17715
311.3,17723
311.4,17732
311.5,17740
311.6,17749
311.7,17757
311.8,17766
311.9,17774
312,17783
312.1,17791
312.2,17800
312.3,17809
312.4,17817
312.5,17826
312.6,17834
312.7,17843
312.8,17851
312.9,17860
313,17869
313.1,17877
313.2,17886
313.3,17895
313.4,17903
313.5,17912
313.6,17920
313.7,17929
313.8,17938
313.9,17946
314,17955
314.1,17964
314.2,17973
314.3,17981
314.4,17990
314.5,17999
314.6,18007
314.7,18016
314.8,18025
314.9,18033
315,18042
315.1,18051
315.2,18060
315.3,18068
315.4,18077
315.5,18086
315.6,18095
315.7,18104
315.8,18112
315.9,18121
316,18130
316.1,18139
316.2,18147
316.3,18156
316.4,18165
316.5,18174
316.6,18183
316.7,18192
316.8,18200
316.9,18209
317,18218
317.1,18227
317.2,18236
317.3,18245
317.4,18254
317.5,18263
317.6,18271
317.7,18280
317.8,18289
317.9,18298
318,18307
318.1,18316
318.2,18325
318.3,18334
318.4,18343
318.5,18352
318.6,18361
318.7,18370
318.8,18379
318.9,18388
319,18397
319.1,18406
319.2,18415
319.3,18423
319.4,18432
319.5,18442
319.6,18451
319.7,18460
319.8,18469
319.9,18478
320,18487
320.1,18496
320.2,18505
320.3,18514
320.4,18523
320.5,18532
320.6,18541
320.7,18550
320.8,18559
320.9,18568
321,18577
321.1,18586
321.2,18596
321.3,18605
321.4,18614
321.5,18623
321.6,18632
321.7,18641
321.8,18650
321.9,18659
322,18669
322.1,18678
322.2,18687
322.3,18696
322.4,18705
322.5,18715
322.6,18724
322.7,18733
322.8,18742
322.9,18751
323,18761
323.1,18770
323.2,18779
323.3,18788
323.4,18798
323.5,18807
323.6,18816
323.7,18825
323.8,18835
323.9,18844
324,18853
324.1,18862
324.2,18872
324.3,18881
324.4,18890
324.5,18900
324.6,18909
324.7,18918
324.8,18928
324.9,18937
325,18946
325.1,18956
325.2,18965
325.3,18974
325.4,18984
325.5,18993
325.6,19002
325.7,19012
325.8,19021
325.9,19031
326,19040
326.1,19049
326.2,19059
326.3,19068
326.4,19078
326.5,19087
326.6,19097
326.7,19106
326.8,19115
326.9,19125
327,19134
327.1,19144
327.2,19153
327.3,19163
327.4,19172
327.5,19182
327.6,19191
327.7,19201
327.8,19210
327.9,19220
328,19229
328.1,19239
328.2,19248
328.3,19258
328.4,19268
328.5,19277
328.6,19287
328.7,19296
328.8,19306
328.9,19315
329,19325
329.1,19335
329.2,19344
329.3,19354
329.4,19363
329.5,19373
329.6,19383
329.7,19392
329.8,19402
329.9,19411
330,19421
330.1,19431
330.2,19440
330.3,19450
330.4,19460
330.5,19469
330.6,19479
330.7,19489
330.8,19499
330.9,19508
331,19518
331.1,19528
331.2,19537
331.3,19547
331.4,19557
331.5,19567
331.6,19576
331.7,19586
331.8,19596
331.9,19606
332,19615
332.1,19625
332.2,19635
332.3,19645
332.4,19654
332.5,19664
332.6,19674
332.7,19684
332.8,19694
332.9,19704
333,19713
333.1,19723
333.2,19733
333.3,19743
333.4,19753
333.5,19763
333.6,19772
333.7,19782
333.8,19792
333.9,19802
334,19812
334.1,19822
334.2,19832
334.3,19842
334.4,19852
334.5,19862
334.6,19871
334.7,19881
334.8,19891
334.9,19901
335,19911
335.1,19921
335.2,19931
335.3,19941
335.4,19951
335.5,19961
335.6,19971
335.7,19981
335.8,19991
335.9,20001
336,20011
336.1,20021
336.2,20031
336.3,20041
336.4,20051
336.5,20061
336.6,20071
336.7,20081
336.8,20091
336.9,20101
337,20112
337.1,20122
337.2,20132
337.3,20142
337.4,20152
337.5,20162
337.6,20172
337.7,20182
337.8,20192
337.9,20202
338,20213
338.1,20223
338.2,20233
338.3,20243
338.4,20253
338.5,20263
338.6,20274
338.7,20284
338.8,20294
338.9,20304
339,20314
339.1,20324
339.2,20335
339.3,20345
339.4,20355
339.5,20365
339.6,20376
339.7,20386
339.8,20396
339.9,20406
340,20417
340.1,20427
340.2,20437
340.3,20447
340.4,20458
340.5,20468
340.6,20478
340.7,20488
340.8,20499
340.9,20509
341,20519
341.1,20530
341.2,20540
341.3,20550
341.4,20561
341.5,20571
341.6,20581
341.7,20592
341.8,20602
341.9,20613
342,20623
342.1,20633
342.2,20644
342.3,20654
342.4,20664
342.5,20675
342.6,20685
342.7,20696
342.8,20706
342.9,20717
343,20727
343.1,20737
343.2,20748
343.3,20758
343.4,20769
343.5,20779
343.6,20790
343.7,20800
343.8,20811
343.9,20821
344,20832
344.1,20842
344.2,20853
344.3,20863
344.4,20874
344.5,20884
344.6,20895
344.7,20905
344.8,20916
344.9,20926
345,20937
345.1,20948
345.2,20958
345.3,20969
345.4,20979
345.5,20990
345.6,21000
345.7,21011
345.8,21022
345.9,21032
346,21043
346.1,21053
346.2,21064
346.3,21075
346.4,21085
346.5,21096
346.6,21107
346.7,21117
346.8,21128
346.9,21139
347,21149
347.1,21160
347.2,21171
347.3,21181
347.4,21192
347.5,21203
347.6,21213
347.7,21224
347.8,21235
347.9,21246
348,21256
348.1,21267
348.2,21278
348.3,21289
348.4,21299
348.5,21310
348.6,21321
348.7,21332
348.8,21342
348.9,21353
349,21364
349.1,21375
349.2,21386
349.3,21396
349.4,21407
349.5,21418
349.6,21429
349.7,21440
349.8,21451
349.9,21461
350,21472
350.1,21483
350.2,21494
350.3,21505
350.4,21516
350.5,21527
350.6,21538
350.7,21548
350.8,21559
350.9,21570
351,21581
351.1,21592
351.2,21603
351.3,21614
351.4,21625
351.5,21636
351.6,21647
351.7,21658
351.8,21669
351.9,21680
352,21691
352.1,21702
352.2,21713
352.3,21724
352.4,21735
352.5,21746
352.6,21757
352.7,21768
352.8,21779
352.9,21790
353,21801
353.1,21812
353.2,21823
353.3,21834
353.4,21845
353.5,21856
353.6,21867
353.7,21878
353.8,21889
353.9,21900
354,21911
354.1,21922
354.2,21933
354.3,21945
354.4,21956
354.5,21967
354.6,21978
354.7,21989
354.8,22000
354.9,22011
355,22022
355.1,22034
355.2,22045
355.3,22056
355.4,22067
355.5,22078
355.6,22089
355.7,22101
355.8,22112
355.9,22123
356,22134
356.1,22145
356.2,22157
356.3,22168
356.4,22179
356.5,22190
356.6,22202
356.7,22213
356.8,22224
356.9,22235
357,22247
357.1,22258
357.2,22269
357.3,22280
357.4,22292
357.5,22303
357.6,22314
357.7,22326
357.8,22337
357.9,22348
358,22360
358.1,22371
358.2,22382
358.3,22394
358.4,22405
358.5,22416
358.6,22428
358.7,22439
358.8,22450
358.9,22462
359,22473
359.1,22484
359.2,22496
359.3,22507
359.4,22519
359.5,22530
359.6,22541
359.7,22553
359.8,22564
359.9,22576
360,22587
360.1,22599
360.2,22610
360.3,22622
360.4,22633
360.5,22644
360.6,22656
360.7,22667
360.8,22679
360.9,22690
361,22702
361.1,22713
361.2,22725
361.3,22736
361.4,22748
361.5,22759
361.6,22771
361.7,22782
361.8,22794
361.9,22806
362,22817
362.1,22829
362.2,22840
362.3,22852
362.4,22863
362.5,22875
362.6,22887
362.7,22898
362.8,22910
362.9,22921
363,22933
363.1,22945
363.2,22956
363.3,22968
363.4,22979
363.5,22991
363.6,23003
363.7,23014
363.8,23026
363.9,23038
364,23049
364.1,23061
364.2,23073
364.3,23084
364.4,23096
364.5,23108
364.6,23119
364.7,23131
364.8,23143
364.9,23155
365,23166
365.1,23178
365.2,23190
365.3,23201
365.4,23213
365.5,23225
365.6,23237
365.7,23248
365.8,23260
365.9,23272
366,23284
366.1,23296
366.2,23307
366.3,23319
366.4,23331
366.5,23343
366.6,23355
366.7,23366
366.8,23378
366.9,23390
367,23402
367.1,23414
367.2,23426
367.3,23437
367.4,23449
367.5,23461
367.6,23473
367.7,23485
367.8,23497
367.9,23509
368,23520
368.1,23532
368.2,23544
368.3,23556
368.4,23568
368.5,23580
368.6,23592
368.7,23604
368.8,23616
368.9,23628
369,23640
369.1,23652
369.2,23664
369.3,23676
369.4,23688
369.5,23699
369.6,23711
369.7,23723
369.8,23735
369.9,23747
370,23759
370.1,23771
370.2,23783
370.3,23795
370.4,23807
370.5,23819
370.6,23832
370.7,23844
370.8,23856
370.9,23868
371,23880
371.1,23892
371.2,23904
371.3,23916
371.4,23928
371.5,23940
371.6,23952
371.7,23964
371.8,23976
371.9,23988
372,24001
372.1,24013
372.2,24025
372.3,24037
372.4,24049
372.5,24061
372.6,24073
372.7,24085
372.8,24098
372.9,24110
373,24122
373.1,24134
373.2,24146
373.3,24158
373.4,24171
373.5,24183
373.6,24195
373.7,24207
373.8,24219
373.9,24232
374,24244
374.1,24256
374.2,24268
374.3,24281
374.4,24293
374.5,24305
374.6,24317
374.7,24330
374.8,24342
374.9,24354
375,24366
375.1,24379
375.2,24391
375.3,24403
375.4,24415
375.5,24428
375.6,24440
375.7,24452
375.8,24465
375.9,24477
376,24489
376.1,24502
376.2,24514
376.3,24526
376.4,24539
376.5,24551
376.6,24563
376.7,24576
376.8,24588
376.9,24600
377,24613
377.1,24625
377.2,24638
377.3,24650
377.4,24662
377.5,24675
377.6,24687
377.7,24700
377.8,24712
377.9,24725
378,24737
378.1,24749
378.2,24762
378.3,24774
378.4,24787
378.5,24799
378.6,24812
378.7,24824
378.8,24837
378.9,24849
379,24862
379.1,24874
379.2,24887
379.3,24899
379.4,24912
379.5,24924
379.6,24937
379.7,24949
379.8,24962
379.9,24974
380,24987
380.1,24999
380.2,25012
380.3,25024
380.4,25037
380.5,25049
380.6,25062
380.7,25075
380.8,25087
380.9,25100
381,25112
381.1,25125
381.2,25138
381.3,25150
381.4,25163
381.5,25175
381.6,25188
381.7,25201
381.8,25213
381.9,25226
382,25238
382.1,25251
382.2,25264
382.3,25276
382.4,25289
382.5,25302
382.6,25314
382.7,25327
382.8,25340
382.9,25352
383,25365
383.1,25378
383.2,25391
383.3,25403
383.4,25416
383.5,25429
383.6,25441
383.7,25454
383.8,25467
383.9,25480
384,25492
384.1,25505
384.2,25518
384.3,25531
384.4,25543
384.5,25556
384.6,25569
384.7,25582
384.8,25594
384.9,25607
385,25620
385.1,25633
385.2,25646
385.3,25658
385.4,25671
385.5,25684
385.6,25697
385.7,25710
385.8,25723
385.9,25735
386,25748
386.1,25761
386.2,25774
386.3,25787
386.4,25800
386.5,25813
386.6,25825
386.7,25838
386.8,25851
386.9,25864
387,25877
387.1,25890
387.2,25903
387.3,25916
387.4,25929
387.5,25942
387.6,25954
387.7,25967
387.8,25980
387.9,25993
388,26006
388.1,26019
388.2,26032
388.3,26045
388.4,26058
388.5,26071
388.6,26084
388.7,26097
388.8,26110
388.9,26123
389,26136
389.1,26149
389.2,26162
389.3,26175
389.4,26188
389.5,26201
389.6,26214
389.7,26227
389.8,26240
389.9,26253
390,26266
390.1,26279
390.2,26292
390.3,26305
390.4,26318
390.5,26331
390.6,26344
390.7,26358
390.8,26371
390.9,26384
391,26397
391.1,26410
391.2,26423
391.3,26436
391.4,26449
391.5,26462
391.6,26475
391.7,26489
391.8,26502
391.9,26515
392,26528
392.1,26541
392.2,26554
392.3,26567
392.4,26581
392.5,26594
392.6,26607
392.7,26620
392.8,26633
392.9,26646
393,26660
393.1,26673
393.2,26686
393.3,26699
393.4,26712
393.5,26726
393.6,26739
393.7,26752
393.8,26765
393.9,26779
394,26792
394.1,26805
394.2,26818
394.3,26832
394.4,26845
394.5,26858
394.6,26871
394.7,26885
394.8,26898
394.9,26911
395,26924
395.1,26938
395.2,26951
395.3,26964
395.4,26978
395.5,26991
395.6,27004
395.7,27018
395.8,27031
395.9,27044
396,27057
396.1,27071
396.2,27084
396.3,27097
396.4,27111
396.5,27124
396.6,27138
396.7,27151
396.8,27164
396.9,27178
397,27191
397.1,27204
397.2,27218
397.3,27231
397.4,27245
397.5,27258
397.6,27271
397.7,27285
397.8,27298
397.9,27312
398,27325
398.1,27338
398.2,27352
398.3,27365
398.4,27379
398.5,27392
398.6,27406
398.7,27419
398.8,27433
398.9,27446
399,27460
399.1,27473
399.2,27486
399.3,27500
399.4,27513
399.5,27527
399.6,27540
399.7,27554
399.8,27567
399.9,27581
400,27594
400.1,27608
400.2,27622
400.3,27635
400.4,27649
400.5,27662
400.6,27676
400.7,27689
400.8,27703
400.9,27716
401,27730
401.1,27743
401.2,27757
401.3,27771
401.4,27784
401.5,27798
401.6,27811
401.7,27825
401.8,27839
401.9,27852
402,27866
402.1,27879
402.2,27893
402.3,27907
402.4,27920
402.5,27934
402.6,27947
402.7,27961
402.8,27975
402.9,27988
403,28002
403.1,28016
403.2,28029
403.3,28043
403.4,28057
403.5,28070
403.6,28084
403.7,28098
403.8,28111
403.9,28125
404,28139
404.1,28152
404.2,28166
404.3,28180
404.4,28194
404.5,28207
404.6,28221
404.7,28235
404.8,28248
404.9,28262
405,28276
405.1,28290
405.2,28303
405.3,28317
405.4,28331
405.5,28345
405.6,28358
405.7,28372
405.8,28386
405.9,28400
406,28414
406.1,28427
406.2,28441
406.3,28455
406.4,28469
406.5,28482
406.6,28496
406.7,28510
406.8,28524
406.9,28538
407,28552
407.1,28565
407.2,28579
407.3,28593
407.4,28607
407.5,28621
407.6,28635
407.7,28648
407.8,28662
407.9,28676
408,28690
408.1,28704
408.2,28718
408.3,28732
408.4,28746
408.5,28759
408.6,28773
408.7,28787
408.8,28801
408.9,28815
409,28829
409.1,28843
409.2,28857
409.3,28871
409.4,28885
409.5,28898
409.6,28912
409.7,28926
409.8,28940
409.9,28954
410,28968
410.1,28982
410.2,28996
410.3,29010
410.4,29024
410.5,29038
410.6,29052
410.7,29066
410.8,29080
410.9,29094
411,29108
411.1,29122
411.2,29136
411.3,29150
411.4,29164
411.5,29178
411.6,29192
411.7,29206
411.8,29220
411.9,29234
412,29248
412.1,29262
412.2,29276
412.3,29290
412.4,29304
412.5,29318
412.6,29332
412.7,29346
412.8,29360
412.9,29375
413,29389
413.1,29403
413.2,29417
413.3,29431
413.4,29445
413.5,29459
413.6,29473
413.7,29487
413.8,29501
413.9,29515
414,29530
414.1,29544
414.2,29558
414.3,29572
414.4,29586
414.5,29600
414.6,29614
414.7,29628
414.8,29643
414.9,29657
415,29671
415.1,29685
415.2,29699
415.3,29713
415.4,29727
415.5,29742
415.6,29756
415.7,29770
415.8,29784
415.9,29798
416,29813
416.1,29827
416.2,29841
416.3,29855
416.4,29869
416.5,29884
416.6,29898
416.7,29912
416.8,29926
416.9,29940
417,29955
417.1,29969
417.2,29983
417.3,29997
417.4,30012
417.5,30026
417.6,30040
417.7,30054
417.8,30069
417.9,30083
418,30097
418.1,30111
418.2,30126
418.3,30140
418.4,30154
418.5,30169
418.6,30183
418.7,30197
418.8,30211
418.9,30226
419,30240
419.1,30254
419.2,30269
419.3,30283
419.4,30297
419.5,30312
419.6,30326
419.7,30340
419.8,30355
419.9,30369
420,30383
420.1,30398
420.2,30412
420.3,30426
420.4,30441
420.5,30455
420.6,30469
420.7,30484
420.8,30498
420.9,30513
421,30527
421.1,30541
421.2,30556
421.3,30570
421.4,30585
421.5,30599
421.6,30613
421.7,30628
421.8,30642
421.9,30657
422,30671
422.1,30685
422.2,30700
422.3,30714
422.4,30729
422.5,30743
422.6,30758
422.7,30772
422.8,30786
422.9,30801
423,30815
423.1,30830
423.2,30844
423.3,30859
423.4,30873
423.5,30888
423.6,30902
423.7,30917
423.8,30931
423.9,30946
424,30960
424.1,30975
424.2,30989
424.3,31004
424.4,31018
424.5,31033
424.6,31047
424.7,31062
424.8,31076
424.9,31091
425,31105
425.1,31120
425.2,31134
425.3,31149
425.4,31163
425.5,31178
425.6,31192
425.7,31207
425.8,31221
425.9,31236
426,31251
426.1,31265
426.2,31280
426.3,31294
426.4,31309
426.5,31323
426.6,31338
426.7,31353
426.8,31367
426.9,31382
427,31396
427.1,31411
427.2,31426
427.3,31440
427.4,31455
427.5,31469
427.6,31484
427.7,31499
427.8,31513
427.9,31528
428,31542
428.1,31557
428.2,31572
428.3,31586
428.4,31601
428.5,31616
428.6,31630
428.7,31645
428.8,31660
428.9,31674
429,31689
429.1,31704
429.2,31718
429.3,31733
429.4,31748
429.5,31762
429.6,31777
429.7,31792
429.8,31806
429.9,31821
430,31836
430.1,31850
430.2,31865
430.3,31880
430.4,31895
430.5,31909
430.6,31924
430.7,31939
430.8,31953
430.9,31968
431,31983
431.1,31998
431.2,32012
431.3,32027
431.4,32042
431.5,32057
431.6,32071
431.7,32086
431.8,32101
431.9,32116
432,32130
432.1,32145
432.2,32160
432.3,32175
432.4,32189
432.5,32204
432.6,32219
432.7,32234
432.8,32248
432.9,32263
433,32278
433.1,32293
433.2,32308
433.3,32322
433.4,32337
433.5,32352
433.6,32367
433.7,32382
433.8,32396
433.9,32411
434,32426
434.1,32441
434.2,32456
434.3,32471
434.4,32485
434.5,32500
434.6,32515
434.7,32530
434.8,32545
434.9,32560
435,32575
435.1,32589
435.2,32604
435.3,32619
435.4,32634
435.5,32649
435.6,32664
435.7,32679
435.8,32693
435.9,32708
436,32723
436.1,32738
436.2,32753
436.3,32768
436.4,32783
436.5,32798
436.6,32813
436.7,32827
436.8,32842
436.9,32857
437,32872
437.1,32887
437.2,32902
437.3,32917
437.4,32932
437.5,32947
437.6,32962
437.7,32977
437.8,32992
437.9,33007
438,33022
438.1,33036
438.2,33051
438.3,33066
438.4,33081
438.5,33096
438.6,33111
438.7,33126
438.8,33141
438.9,33156
439,33171
439.1,33186
439.2,33201
439.3,33216
439.4,33231
439.5,33246
439.6,33261
439.7,33276
439.8,33291
439.9,33306
440,33321
440.1,33336
440.2,33351
440.3,33366
440.4,33381
440.5,33396
440.6,33411
440.7,33426
440.8,33441
440.9,33456
441,33471
441.1,33486
441.2,33501
441.3,33516
441.4,33531
441.5,33546
441.6,33561
441.7,33576
441.8,33591
441.9,33607
442,33622
442.1,33637
442.2,33652
442.3,33667
442.4,33682
442.5,33697
442.6,33712
442.7,33727
442.8,33742
442.9,33757
443,33772
443.1,33787
443.2,33802
443.3,33818
443.4,33833
443.5,33848
443.6,33863
443.7,33878
443.8,33893
443.9,33908
444,33923
444.1,33938
444.2,33954
444.3,33969
444.4,33984
444.5,33999
444.6,34014
444.7,34029
444.8,34044
444.9,34059
445,34075
445.1,34090
445.2,34105
445.3,34120
445.4,34135
445.5,34150
445.6,34165
445.7,34181
445.8,34196
445.9,34211
446,34226
446.1,34241
446.2,34256
446.3,34272
446.4,34287
446.5,34302
446.6,34317
446.7,34332
446.8,34347
446.9,34363
447,34378
447.1,34393
447.2,34408
447.3,34423
447.4,34439
447.5,34454
447.6,34469
447.7,34484
447.8,34499
447.9,34515
448,34530
448.1,34545
448.2,34560
448.3,34576
448.4,34591
448.5,34606
448.6,34621
448.7,34636
448.8,34652
448.9,34667
449,34682
449.1,34697
449.2,34713
449.3,34728
449.4,34743
449.5,34758
449.6,34774
449.7,34789
449.8,34804
449.9,34819
450,34835
450.1,34850
450.2,34865
450.3,34880
450.4,34896
450.5,34911
450.6,34926
450.7,34942
450.8,34957
450.9,34972
451,34987
451.1,35003
451.2,35018
451.3,35033
451.4,35049
451.5,35064
451.6,35079
451.7,35094
451.8,35110
451.9,35125
452,35140
452.1,35156
452.2,35171
452.3,35186
452.4,35202
452.5,35217
452.6,35232
452.7,35248
452.8,35263
452.9,35278
453,35294
453.1,35309
453.2,35324
453.3,35340
453.4,35355
453.5,35370
453.6,35386
453.7,35401
453.8,35416
453.9,35432
454,35447
454.1,35462
454.2,35478
454.3,35493
454.4,35509
454.5,35524
454.6,35539
454.7,35555
454.8,35570
454.9,35585
455,35601
455.1,35616
455.2,35631
455.3,35647
455.4,35662
455.5,35678
455.6,35693
455.7,35708
455.8,35724
455.9,35739
456,35755
456.1,35770
456.2,35785
456.3,35801
456.4,35816
456.5,35832
456.6,35847
456.7,35862
456.8,35878
456.9,35893
457,35909
457.1,35924
457.2,35940
457.3,35955
457.4,35970
457.5,35986
457.6,36001
457.7,36017
457.8,36032
457.9,36048
458,36063
458.1,36078
458.2,36094
458.3,36109
458.4,36125
458.5,36140
458.6,36156
458.7,36171
458.8,36187
458.9,36202
459,36217
459.1,36233
459.2,36248
459.3,36264
459.4,36279
459.5,36295
459.6,36310
459.7,36326
459.8,36341
459.9,36357
460,36372
460.1,36388
460.2,36403
460.3,36419
460.4,36434
460.5,36450
460.6,36465
460.7,36481
460.8,36496
460.9,36512
461,36527
461.1,36543
461.2,36558
461.3,36574
461.4,36589
461.5,36605
461.6,36620
461.7,36636
461.8,36651
461.9,36667
462,36682
462.1,36698
462.2,36713
462.3,36729
462.4,36744
462.5,36760
462.6,36775
462.7,36791
462.8,36806
462.9,36822
463,36837
463.1,36853
463.2,36868
463.3,36884
463.4,36900
463.5,36915
463.6,36931
463.7,36946
463.8,36962
463.9,36977
464,36993
464.1,37008
464.2,37024
464.3,37039
464.4,37055
464.5,37071
464.6,37086
464.7,37102
464.8,37117
464.9,37133
465,37148
465.1,37164
465.2,37180
465.3,37195
465.4,37211
465.5,37226
465.6,37242
465.7,37257
465.8,37273
465.9,37289
466,37304
466.1,37320
466.2,37335
466.3,37351
466.4,37367
466.5,37382
466.6,37398
466.7,37413
466.8,37429
466.9,37445
467,37460
467.1,37476
467.2,37491
467.3,37507
467.4,37523
467.5,37538
467.6,37554
467.7,37569
467.8,37585
467.9,37601
468,37616
468.1,37632
468.2,37647
468.3,37663
468.4,37679
468.5,37694
468.6,37710
468.7,37726
468.8,37741
468.9,37757
469,37772
469.1,37788
469.2,37804
469.3,37819
469.4,37835
469.5,37851
469.6,37866
469.7,37882
469.8,37898
469.9,37913
470,37929
470.1,37944
470.2,37960
470.3,37976
470.4,37991
470.5,38007
470.6,38023
470.7,38038
470.8,38054
470.9,38070
471,38085
471.1,38101
471.2,38117
471.3,38132
471.4,38148
471.5,38164
471.6,38179
471.7,38195
471.8,38211
471.9,38226
472,38242
472.1,38258
472.2,38273
472.3,38289
472.4,38305
472.5,38320
472.6,38336
472.7,38352
472.8,38368
472.9,38383
473,38399
473.1,38415
473.2,38430
473.3,38446
473.4,38462
473.5,38477
473.6,38493
473.7,38509
473.8,38524
473.9,38540
474,38556
474.1,38572
474.2,38587
474.3,38603
474.4,38619
474.5,38634
474.6,38650
474.7,38666
474.8,38682
474.9,38697
475,38713
475.1,38729
475.2,38744
475.3,38760
475.4,38776
475.5,38792
475.6,38807
475.7,38823
475.8,38839
475.9,38854
476,38870
476.1,38886
476.2,38902
476.3,38917
476.4,38933
476.5,38949
476.6,38965
476.7,38980
476.8,38996
476.9,39012
477,39027
477.1,39043
477.2,39059
477.3,39075
477.4,39090
477.5,39106
477.6,39122
477.7,39138
477.8,39153
477.9,39169
478,39185
478.1,39201
478.2,39216
478.3,39232
478.4,39248
478.5,39264
478.6,39279
478.7,39295
478.8,39311
478.9,39327
479,39342
479.1,39358
479.2,39374
479.3,39390
479.4,39405
479.5,39421
479.6,39437
479.7,39453
479.8,39469
479.9,39484
480,39500
480.1,39516
480.2,39532
480.3,39547
480.4,39563
480.5,39579
480.6,39595
480.7,39611
480.8,39626
480.9,39642
481,39658
481.1,39674
481.2,39689
481.3,39705
481.4,39721
481.5,39737
481.6,39753
481.7,39768
481.8,39784
481.9,39800
482,39816
482.1,39831
482.2,39847
482.3,39863
482.4,39879
482.5,39895
482.6,39910
482.7,39926
482.8,39942
482.9,39958
483,39974
483.1,39989
483.2,40005
483.3,40021
483.4,40037
483.5,40053
483.6,40068
483.7,40084
483.8,40100
483.9,40116
484,40132
484.1,40147
484.2,40163
484.3,40179
484.4,40195
484.5,40211
484.6,40227
484.7,40242
484.8,40258
484.9,40274
485,40290
485.1,40306
485.2,40321
485.3,40337
485.4,40353
485.5,40369
485.6,40385
485.7,40400
485.8,40416
485.9,40432
486,40448
486.1,40464
486.2,40480
486.3,40495
486.4,40511
486.5,40527
486.6,40543
486.7,40559
486.8,40575
486.9,40590
487,40606
487.1,40622
487.2,40638
487.3,40654
487.4,40670
487.5,40685
487.6,40701
487.7,40717
487.8,40733
487.9,40749
488,40765
488.1,40780
488.2,40796
488.3,40812
488.4,40828
488.5,40844
488.6,40860
488.7,40875
488.8,40891
488.9,40907
489,40923
489.1,40939
489.2,40955
489.3,40970
489.4,40986
489.5,41002
489.6,41018
489.7,41034
489.8,41050
489.9,41065
490,41081
490.1,41097
490.2,41113
490.3,41129
490.4,41145
490.5,41161
490.6,41176
490.7,41192
490.8,41208
490.9,41224
491,41240
491.1,41256
491.2,41272
491.3,41287
491.4,41303
491.5,41319
491.6,41335
491.7,41351
491.8,41367
491.9,41383
492,41398
492.1,41414
492.2,41430
492.3,41446
492.4,41462
492.5,41478
492.6,41494
492.7,41509
492.8,41525
492.9,41541
493,41557
493.1,41573
493.2,41589
493.3,41605
493.4,41620
493.5,41636
493.6,41652
493.7,41668
493.8,41684
493.9,41700
494,41716
494.1,41731
494.2,41747
494.3,41763
494.4,41779
494.5,41795
494.6,41811
494.7,41827
494.8,41843
494.9,41858
495,41874
495.1,41890
495.2,41906
495.3,41922
495.4,41938
495.5,41954
495.6,41970
495.7,41985
495.8,42001
495.9,42017
496,42033
496.1,42049
496.2,42065
496.3,42081
496.4,42096
496.5,42112
496.6,42128
496.7,42144
496.8,42160
496.9,42176
497,42192
497.1,42208
497.2,42223
497.3,42239
497.4,42255
497.5,42271
497.6,42287
497.7,42303
497.8,42319
497.9,42335
498,42350
498.1,42366
498.2,42382
498.3,42398
498.4,42414
498.5,42430
498.6,42446
498.7,42462
498.8,42477
498.9,42493
499,42509
499.1,42525
499.2,42541
499.3,42557
499.4,42573
499.5,42589
499.6,42605
499.7,42620
499.8,42636
499.9,42652
500,42668
500.1,42684
500.2,42700
500.3,42716
500.4,42732
500.5,42747
500.6,42763
500.7,42779
500.8,42795
500.9,42811
501,42827
501.1,42843
501.2,42859
501.3,42874
501.4,42890
501.5,42906
501.6,42922
501.7,42938
501.8,42954
501.9,42970
502,42986
502.1,43002
502.2,43017
502.3,43033
502.4,43049
502.5,43065
502.6,43081
502.7,43097
502.8,43113
502.9,43129
503,43144
503.1,43160
503.2,43176
503.3,43192
503.4,43208
503.5,43224
503.6,43240
503.7,43256
503.8,43272
503.9,43287
504,43303
504.1,43319
504.2,43335
504.3,43351
504.4,43367
504.5,43383
504.6,43399
504.7,43414
504.8,43430
504.9,43446
505,43462
505.1,43478
505.2,43494
505.3,43510
505.4,43526
505.5,43541
505.6,43557
505.7,43573
505.8,43589
505.9,43605
506,43621
506.1,43637
506.2,43653
506.3,43668
506.4,43684
506.5,43700
506.6,43716
506.7,43732
506.8,43748
506.9,43764
507,43780
507.1,43796
507.2,43811
507.3,43827
507.4,43843
507.5,43859
507.6,43875
507.7,43891
507.8,43907
507.9,43923
508,43938
508.1,43954
508.2,43970
508.3,43986
508.4,44002
508.5,44018
508.6,44034
508.7,44049
508.8,44065
508.9,44081
509,44097
509.1,44113
509.2,44129
509.3,44145
509.4,44161
509.5,44176
509.6,44192
509.7,44208
509.8,44224
509.9,44240
510,44256
510.1,44272
510.2,44288
510.3,44303
510.4,44319
510.5,44335
510.6,44351
510.7,44367
510.8,44383
510.9,44399
511,44414
511.1,44430
511.2,44446
511.3,44462
511.4,44478
511.5,44494
511.6,44510
511.7,44526
511.8,44541
511.9,44557
512,44573
512.1,44589
512.2,44605
512.3,44621
512.4,44637
512.5,44652
512.6,44668
512.7,44684
512.8,44700
512.9,44716
513,44732
513.1,44748
513.2,44763
513.3,44779
513.4,44795
513.5,44811
513.6,44827
513.7,44843
513.8,44859
513.9,44874
514,44890
514.1,44906
514.2,44922
514.3,44938
514.4,44954
514.5,44970
514.6,44985
514.7,45001
514.8,45017
514.9,45033
515,45049
515.1,45065
515.2,45080
515.3,45096
515.4,45112
515.5,45128
515.6,45144
515.7,45160
515.8,45176
515.9,45191
516,45207
516.1,45223
516.2,45239
516.3,45255
516.4,45271
516.5,45286
516.6,45302
516.7,45318
516.8,45334
516.9,45350
517,45366
517.1,45381
517.2,45397
517.3,45413
517.4,45429
517.5,45445
517.6,45461
517.7,45476
517.8,45492
517.9,45508
518,45524
518.1,45540
518.2,45556
518.3,45571
518.4,45587
518.5,45603
518.6,45619
518.7,45635
518.8,45651
518.9,45666
519,45682
519.1,45698
519.2,45714
519.3,45730
519.4,45745
519.5,45761
519.6,45777
519.7,45793
519.8,45809
519.9,45825
520,45840
520.1,45856
520.2,45872
520.3,45888
520.4,45904
520.5,45919
520.6,45935
520.7,45951
520.8,45967
520.9,45983
521,45998
521.1,46014
521.2,46030
521.3,46046
521.4,46062
521.5,46078
521.6,46093
521.7,46109
521.8,46125
521.9,46141
522,46157
522.1,46172
522.2,46188
522.3,46204
522.4,46220
522.5,46236
522.6,46251
522.7,46267
522.8,46283
522.9,46299
523,46314
523.1,46330
523.2,46346
523.3,46362
523.4,46378
523.5,46393
523.6,46409
523.7,46425
523.8,46441
523.9,46457
524,46472
524.1,46488
524.2,46504
524.3,46520
524.4,46535
524.5,46551
524.6,46567
524.7,46583
524.8,46599
524.9,46614
525,46630
525.1,46646
525.2,46662
525.3,46677
525.4,46693
525.5,46709
525.6,46725
525.7,46741
525.8,46756
525.9,46772
526,46788
526.1,46804
526.2,46819
526.3,46835
526.4,46851
526.5,46867
526.6,46882
526.7,46898
526.8,46914
526.9,46930
527,46945
527.1,46961
527.2,46977
527.3,46993
527.4,47008
527.5,47024
527.6,47040
527.7,47056
527.8,47071
527.9,47087
528,47103
528.1,47119
528.2,47134
528.3,47150
528.4,47166
528.5,47182
528.6,47197
528.7,47213
528.8,47229
528.9,47245
529,47260
529.1,47276
529.2,47292
529.3,47308
529.4,47323
529.5,47339
529.6,47355
529.7,47370
529.8,47386
529.9,47402
530,47418
530.1,47433
530.2,47449
530.3,47465
530.4,47480
530.5,47496
530.6,47512
530.7,47528
530.8,47543
530.9,47559
531,47575
531.1,47590
531.2,47606
531.3,47622
531.4,47638
531.5,47653
531.6,47669
531.7,47685
531.8,47700
531.9,47716
532,47732
532.1,47748
532.2,47763
532.3,47779
532.4,47795
532.5,47810
532.6,47826
532.7,47842
532.8,47857
532.9,47873
533,47889
533.1,47904
533.2,47920
533.3,47936
533.4,47951
533.5,47967
533.6,47983
533.7,47999
533.8,48014
533.9,48030
534,48046
534.1,48061
534.2,48077
534.3,48093
534.4,48108
534.5,48124
534.6,48140
534.7,48155
534.8,48171
534.9,48187
535,48202
535.1,48218
535.2,48234
535.3,48249
535.4,48265
535.5,48281
535.6,48296
535.7,48312
535.8,48327
535.9,48343
536,48359
536.1,48374
536.2,48390
536.3,48406
536.4,48421
536.5,48437
536.6,48453
536.7,48468
536.8,48484
536.9,48500
537,48515
537.1,48531
537.2,48546
537.3,48562
537.4,48578
537.5,48593
537.6,48609
537.7,48625
537.8,48640
537.9,48656
538,48671
538.1,48687
538.2,48703
538.3,48718
538.4,48734
538.5,48750
538.6,48765
538.7,48781
538.8,48796
538.9,48812
539,48828
539.1,48843
539.2,48859
539.3,48874
539.4,48890
539.5,48906
539.6,48921
539.7,48937
539.8,48952
539.9,48968
540,48984
540.1,48999
540.2,49015
540.3,49030
540.4,49046
540.5,49061
540.6,49077
540.7,49093
540.8,49108
540.9,49124
541,49139
541.1,49155
541.2,49171
541.3,49186
541.4,49202
541.5,49217
541.6,49233
541.7,49248
541.8,49264
541.9,49279
542,49295
542.1,49311
542.2,49326
542.3,49342
542.4,49357
542.5,49373
542.6,49388
542.7,49404
542.8,49419
542.9,49435
543,49451
543.1,49466
543.2,49482
543.3,49497
543.4,49513
543.5,49528
543.6,49544
543.7,49559
543.8,49575
543.9,49590
544,49606
544.1,49621
544.2,49637
544.3,49652
544.4,49668
544.5,49684
544.6,49699
544.7,49715
544.8,49730
544.9,49746
545,49761
545.1,49777
545.2,49792
545.3,49808
545.4,49823
545.5,49839
545.6,49854
545.7,49870
545.8,49885
545.9,49901
546,49916
546.1,49932
546.2,49947
546.3,49963
546.4,49978
546.5,49994
546.6,50009
546.7,50025
546.8,50040
546.9,50055
547,50071
547.1,50086
547.2,50102
547.3,50117
547.4,50133
547.5,50148
547.6,50164
547.7,50179
547.8,50195
547.9,50210
548,50226
548.1,50241
548.2,50257
548.3,50272
548.4,50287
548.5,50303
548.6,50318
548.7,50334
548.8,50349
548.9,50365
549,50380
549.1,50396
549.2,50411
549.3,50426
549.4,50442
549.5,50457
549.6,50473
549.7,50488
549.8,50504
549.9,50519
550,50534
550.1,50550
550.2,50565
550.3,50581
550.4,50596
550.5,50612
550.6,50627
550.7,50642
550.8,50658
550.9,50673
551,50689
551.1,50704
551.2,50719
551.3,50735
551.4,50750
551.5,50766
551.6,50781
551.7,50796
551.8,50812
551.9,50827
552,50842
552.1,50858
552.2,50873
552.3,50889
552.4,50904
552.5,50919
552.6,50935
552.7,50950
552.8,50965
552.9,50981
553,50996
553.1,51012
553.2,51027
553.3,51042
553.4,51058
553.5,51073
553.6,51088
553.7,51104
553.8,51119
553.9,51134
554,51150
554.1,51165
554.2,51180
554.3,51196
554.4,51211
554.5,51226
554.6,51242
554.7,51257
554.8,51272
554.9,51288
555,51303
555.1,51318
555.2,51334
555.3,51349
555.4,51364
555.5,51380
555.6,51395
555.7,51410
555.8,51426
555.9,51441
556,51456
556.1,51472
556.2,51487
556.3,51502
556.4,51517
556.5,51533
556.6,51548
556.7,51563
556.8,51579
556.9,51594
557,51609
557.1,51624
557.2,51640
557.3,51655
557.4,51670
557.5,51686
557.6,51701
557.7,51716
557.8,51731
557.9,51747
558,51762
558.1,51777
558.2,51792
558.3,51808
558.4,51823
558.5,51838
558.6,51853
558.7,51869
558.8,51884
558.9,51899
559,51914
559.1,51930
559.2,51945
559.3,51960
559.4,51975
559.5,51991
559.6,52006
559.7,52021
559.8,52036
559.9,52051
560,52067
560.1,52082
560.2,52097
560.3,52112
560.4,52128
560.5,52143
560.6,52158
560.7,52173
560.8,52188
560.9,52204
561,52219
561.1,52234
561.2,52249
561.3,52264
561.4,52280
561.5,52295
561.6,52310
561.7,52325
561.8,52340
561.9,52355
562,52371
562.1,52386
562.2,52401
562.3,52416
562.4,52431
562.5,52446
562.6,52462
562.7,52477
562.8,52492
562.9,52507
563,52522
563.1,52537
563.2,52553
563.3,52568
563.4,52583
563.5,52598
563.6,52613
563.7,52628
563.8,52643
563.9,52659
564,52674
564.1,52689
564.2,52704
564.3,52719
564.4,52734
564.5,52749
564.6,52764
564.7,52780
564.8,52795
564.9,52810
565,52825
565.1,52840
565.2,52855
565.3,52870
565.4,52885
565.5,52900
565.6,52915
565.7,52931
565.8,52946
565.9,52961
566,52976
566.1,52991
566.2,53006
566.3,53021
566.4,53036
566.5,53051
566.6,53066
566.7,53081
566.8,53096
566.9,53111
567,53126
567.1,53141
567.2,53157
567.3,53172
567.4,53187
567.5,53202
567.6,53217
567.7,53232
567.8,53247
567.9,53262
568,53277
568.1,53292
568.2,53307
568.3,53322
568.4,53337
568.5,53352
568.6,53367
568.7,53382
568.8,53397
568.9,53412
569,53427
569.1,53442
569.2,53457
569.3,53472
569.4,53487
569.5,53502
569.6,53517
569.7,53532
569.8,53547
569.9,53562
570,53577
570.1,53592
570.2,53607
570.3,53622
570.4,53637
570.5,53652
570.6,53667
570.7,53682
570.8,53697
570.9,53712
571,53727
571.1,53742
571.2,53757
571.3,53772
571.4,53787
571.5,53802
571.6,53816
571.7,53831
571.8,53846
571.9,53861
572,53876
572.1,53891
572.2,53906
572.3,53921
572.4,53936
572.5,53951
572.6,53966
572.7,53981
572.8,53996
572.9,54010
573,54025
573.1,54040
573.2,54055
573.3,54070
573.4,54085
573.5,54100
573.6,54115
573.7,54130
573.8,54145
573.9,54159
574,54174
574.1,54189
574.2,54204
574.3,54219
574.4,54234
574.5,54249
574.6,54264
574.7,54278
574.8,54293
574.9,54308
575,54323
575.1,54338
575.2,54353
575.3,54368
575.4,54382
575.5,54397
575.6,54412
575.7,54427
575.8,54442
575.9,54457
576,54471
576.1,54486
576.2,54501
576.3,54516
576.4,54531
576.5,54545
576.6,54560
576.7,54575
576.8,54590
576.9,54605
577,54620
577.1,54634
577.2,54649
577.3,54664
577.4,54679
577.5,54693
577.6,54708
577.7,54723
577.8,54738
577.9,54753
578,54767
578.1,54782
578.2,54797
578.3,54812
578.4,54826
578.5,54841
578.6,54856
578.7,54871
578.8,54885
578.9,54900
579,54915
579.1,54930
579.2,54944
579.3,54959
579.4,54974
579.5,54989
579.6,55003
579.7,55018
579.8,55033
579.9,55048
580,55062
580.1,55077
580.2,55092
580.3,55106
580.4,55121
580.5,55136
580.6,55151
580.7,55165
580.8,55180
580.9,55195
581,55209
581.1,55224
581.2,55239
581.3,55253
581.4,55268
581.5,55283
581.6,55297
581.7,55312
581.8,55327
581.9,55341
582,55356
582.1,55371
582.2,55385
582.3,55400
582.4,55415
582.5,55429
582.6,55444
582.7,55459
582.8,55473
582.9,55488
583,55503
583.1,55517
583.2,55532
583.3,55546
583.4,55561
583.5,55576
583.6,55590
583.7,55605
583.8,55619
583.9,55634
584,55649
584.1,55663
584.2,55678
584.3,55692
584.4,55707
584.5,55722
584.6,55736
584.7,55751
584.8,55765
584.9,55780
585,55795
585.1,55809
585.2,55824
585.3,55838
585.4,55853
585.5,55867
585.6,55882
585.7,55897
585.8,55911
585.9,55926
586,55940
586.1,55955
586.2,55969
586.3,55984
586.4,55998
586.5,56013
586.6,56027
586.7,56042
586.8,56056
586.9,56071
587,56085
587.1,56100
587.2,56114
587.3,56129
587.4,56143
587.5,56158
587.6,56172
587.7,56187
587.8,56201
587.9,56216
588,56230
588.1,56245
588.2,56259
588.3,56274
588.4,56288
588.5,56303
588.6,56317
588.7,56332
588.8,56346
588.9,56361
589,56375
589.1,56390
589.2,56404
589.3,56418
589.4,56433
589.5,56447
589.6,56462
589.7,56476
589.8,56491
589.9,56505
590,56520
590.1,56534
590.2,56548
590.3,56563
590.4,56577
590.5,56592
590.6,56606
590.7,56620
590.8,56635
590.9,56649
591,56664
591.1,56678
591.2,56692
591.3,56707
591.4,56721
591.5,56736
591.6,56750
591.7,56764
591.8,56779
591.9,56793
592,56807
592.1,56822
592.2,56836
592.3,56850
592.4,56865
592.5,56879
592.6,56893
592.7,56908
592.8,56922
592.9,56936
593,56951
593.1,56965
593.2,56979
593.3,56994
593.4,57008
593.5,57022
593.6,57037
593.7,57051
593.8,57065
593.9,57080
594,57094
594.1,57108
594.2,57123
594.3,57137
594.4,57151
594.5,57165
594.6,57180
594.7,57194
594.8,57208
594.9,57223
595,57237
595.1,57251
595.2,57265
595.3,57280
595.4,57294
595.5,57308
595.6,57322
595.7,57337
595.8,57351
595.9,57365
596,57379
596.1,57394
596.2,57408
596.3,57422
596.4,57436
596.5,57450
596.6,57465
596.7,57479
596.8,57493
596.9,57507
597,57521
597.1,57536
597.2,57550
597.3,57564
597.4,57578
597.5,57592
597.6,57607
597.7,57621
597.8,57635
597.9,57649
598,57663
598.1,57678
598.2,57692
598.3,57706
598.4,57720
598.5,57734
598.6,57748
598.7,57762
598.8,57777
598.9,57791
599,57805
599.1,57819
599.2,57833
599.3,57847
599.4,57861
599.5,57876
599.6,57890
599.7,57904
599.8,57918
599.9,57932
600,57946
600.1,57960
600.2,57974
600.3,57988
600.4,58002
600.5,58017
600.6,58031
600.7,58045
600.8,58059
600.9,58073
601,58087
601.1,58101
601.2,58115
601.3,58129
601.4,58143
601.5,58157
601.6,58171
601.7,58185
601.8,58199
601.9,58213
602,58227
602.1,58242
602.2,58256
602.3,58270
602.4,58284
602.5,58298
602.6,58312
602.7,58326
602.8,58340
602.9,58354
603,58368
603.1,58382
603.2,58396
603.3,58410
603.4,58424
603.5,58438
603.6,58452
603.7,58466
603.8,58480
603.9,58494
604,58508
604.1,58522
604.2,58535
604.3,58549
604.4,58563
604.5,58577
604.6,58591
604.7,58605
604.8,58619
604.9,58633
605,58647
605.1,58661
605.2,58675
605.3,58689
605.4,58703
605.5,58717
605.6,58731
605.7,58745
605.8,58758
605.9,58772
606,58786
606.1,58800
606.2,58814
606.3,58828
606.4,58842
606.5,58856
606.6,58870
606.7,58883
606.8,58897
606.9,58911
607,58925
607.1,58939
607.2,58953
607.3,58967
607.4,58981
607.5,58994
607.6,59008
607.7,59022
607.8,59036
607.9,59050
608,59064
608.1,59077
608.2,59091
608.3,59105
608.4,59119
608.5,59133
608.6,59146
608.7,59160
608.8,59174
608.9,59188
609,59202
609.1,59215
609.2,59229
609.3,59243
609.4,59257
609.5,59271
609.6,59284
609.7,59298
609.8,59312
609.9,59326
610,59339
610.1,59353
610.2,59367
610.3,59381
610.4,59394
610.5,59408
610.6,59422
610.7,59436
610.8,59449
610.9,59463
611,59477
611.1,59491
611.2,59504
611.3,59518
611.4,59532
611.5,59545
611.6,59559
611.7,59573
611.8,59587
611.9,59600
612,59614
612.1,59628
612.2,59641
612.3,59655
612.4,59669
612.5,59682
612.6,59696
612.7,59710
612.8,59723
612.9,59737
613,59751
613.1,59764
613.2,59778
613.3,59792
613.4,59805
613.5,59819
613.6,59833
613.7,59846
613.8,59860
613.9,59873
614,59887
614.1,59901
614.2,59914
614.3,59928
614.4,59941
614.5,59955
614.6,59969
614.7,59982
614.8,59996
614.9,60009
615,60023
615.1,60037
615.2,60050
615.3,60064
615.4,60077
615.5,60091
615.6,60104
615.7,60118
615.8,60132
615.9,60145
616,60159
616.1,60172
616.2,60186
616.3,60199
616.4,60213
616.5,60226
616.6,60240
616.7,60253
616.8,60267
616.9,60280
617,60294
617.1,60307
617.2,60321
617.3,60334
617.4,60348
617.5,60361
617.6,60375
617.7,60388
617.8,60402
617.9,60415
618,60429
618.1,60442
618.2,60456
618.3,60469
618.4,60483
618.5,60496
618.6,60510
618.7,60523
618.8,60536
618.9,60550
619,60563
619.1,60577
619.2,60590
619.3,60604
619.4,60617
619.5,60630
619.6,60644
619.7,60657
619.8,60671
619.9,60684
620,60697
620.1,60711
620.2,60724
620.3,60738
620.4,60751
620.5,60764
620.6,60778
620.7,60791
620.8,60805
620.9,60818
621,60831
621.1,60845
621.2,60858
621.3,60871
621.4,60885
621.5,60898
621.6,60911
621.7,60925
621.8,60938
621.9,60951
622,60965
622.1,60978
622.2,60991
622.3,61005
622.4,61018
622.5,61031
622.6,61045
622.7,61058
622.8,61071
622.9,61084
623,61098
623.1,61111
623.2,61124
623.3,61138
623.4,61151
623.5,61164
623.6,61177
623.7,61191
623.8,61204
623.9,61217
624,61230
624.1,61244
624.2,61257
624.3,61270
624.4,61283
624.5,61297
624.6,61310
624.7,61323
624.8,61336
624.9,61349
625,61363
625.1,61376
625.2,61389
625.3,61402
625.4,61415
625.5,61429
625.6,61442
625.7,61455
625.8,61468
625.9,61481
626,61494
626.1,61508
626.2,61521
626.3,61534
626.4,61547
626.5,61560
626.6,61573
626.7,61587
626.8,61600
626.9,61613
627,61626
627.1,61639
627.2,61652
627.3,61665
627.4,61678
627.5,61692
627.6,61705
627.7,61718
627.8,61731
627.9,61744
628,61757
628.1,61770
628.2,61783
628.3,61796
628.4,61809
628.5,61822
628.6,61836
628.7,61849
628.8,61862
628.9,61875
629,61888
629.1,61901
629.2,61914
629.3,61927
629.4,61940
629.5,61953
629.6,61966
629.7,61979
629.8,61992
629.9,62005
630,62018
630.1,62031
630.2,62044
630.3,62057
630.4,62070
630.5,62083
630.6,62096
630.7,62109
630.8,62122
630.9,62135
631,62148
631.1,62161
631.2,62174
631.3,62187
631.4,62200
631.5,62213
631.6,62226
631.7,62239
631.8,62252
631.9,62265
632,62278
632.1,62291
632.2,62303
632.3,62316
632.4,62329
632.5,62342
632.6,62355
632.7,62368
632.8,62381
632.9,62394
633,62407
633.1,62420
633.2,62432
633.3,62445
633.4,62458
633.5,62471
633.6,62484
633.7,62497
633.8,62510
633.9,62523
634,62535
634.1,62548
634.2,62561
634.3,62574
634.4,62587
634.5,62600
634.6,62613
634.7,62625
634.8,62638
634.9,62651
635,62664
635.1,62677
635.2,62689
635.3,62702
635.4,62715
635.5,62728
635.6,62741
635.7,62753
635.8,62766
635.9,62779
636,62792
636.1,62805
636.2,62817
636.3,62830
636.4,62843
636.5,62856
636.6,62868
636.7,62881
636.8,62894
636.9,62907
637,62919
637.1,62932
637.2,62945
637.3,62957
637.4,62970
637.5,62983
637.6,62996
637.7,63008
637.8,63021
637.9,63034
638,63046
638.1,63059
638.2,63072
638.3,63085
638.4,63097
638.5,63110
638.6,63123
638.7,63135
638.8,63148
638.9,63161
639,63173
639.1,63186
639.2,63198
639.3,63211
639.4,63224
639.5,63236
639.6,63249
639.7,63262
639.8,63274
639.9,63287
640,63300
640.1,63312
640.2,63325
640.3,63337
640.4,63350
640.5,63363
640.6,63375
640.7,63388
640.8,63400
640.9,63413
641,63425
641.1,63438
641.2,63451
641.3,63463
641.4,63476
641.5,63488
641.6,63501
641.7,63513
641.8,63526
641.9,63538
642,63551
642.1,63563
642.2,63576
642.3,63589
642.4,63601
642.5,63614
642.6,63626
642.7,63639
642.8,63651
642.9,63664
643,63676
643.1,63689
643.2,63701
643.3,63713
643.4,63726
643.5,63738
643.6,63751
643.7,63763
643.8,63776
643.9,63788
644,63801
644.1,63813
644.2,63826
644.3,63838
644.4,63850
644.5,63863
644.6,63875
644.7,63888
644.8,63900
644.9,63913
645,63925
645.1,63937
645.2,63950
645.3,63962
645.4,63975
645.5,63987
645.6,63999
645.7,64012
645.8,64024
645.9,64037
646,64049
646.1,64061
646.2,64074
646.3,64086
646.4,64098
646.5,64111
646.6,64123
646.7,64135
646.8,64148
646.9,64160
647,64172
647.1,64185
647.2,64197
647.3,64209
647.4,64222
647.5,64234
647.6,64246
647.7,64258
647.8,64271
647.9,64283
648,64295
648.1,64308
648.2,64320
648.3,64332
648.4,64344
648.5,64357
648.6,64369
648.7,64381
648.8,64393
648.9,64406
649,64418
649.1,64430
649.2,64442
649.3,64455
649.4,64467
649.5,64479
649.6,64491
649.7,64504
649.8,64516
649.9,64528
650,64540
650.1,64552
650.2,64565
650.3,64577
650.4,64589
650.5,64601
650.6,64613
650.7,64625
650.8,64638
650.9,64650
651,64662
651.1,64674
651.2,64686
651.3,64698
651.4,64710
651.5,64723
651.6,64735
651.7,64747
651.8,64759
651.9,64771
652,64783
652.1,64795
652.2,64807
652.3,64820
652.4,64832
652.5,64844
652.6,64856
652.7,64868
652.8,64880
652.9,64892
653,64904
653.1,64916
653.2,64928
653.3,64940
653.4,64952
653.5,64964
653.6,64976
653.7,64989
653.8,65001
653.9,65013
654,65025
654.1,65037
654.2,65049
654.3,65061
654.4,65073
654.5,65085
654.6,65097
654.7,65109
654.8,65121
654.9,65133
655,65145
655.1,65157
655.2,65169
655.3,65181
655.4,65193
655.5,65205
655.6,65217
655.7,65228
655.8,65240
655.9,65252
656,65264
656.1,65276
656.2,65288
656.3,65300
656.4,65312
656.5,65324
656.6,65336
656.7,65348
656.8,65360
656.9,65372
657,65384
657.1,65395
657.2,65407
657.3,65419
657.4,65431
657.5,65443
657.6,65455
657.7,65467
657.8,65479
657.9,65490
658,65502
658.1,65514
658.2,65526
658.3,65538
658.4,65550
658.5,65562
658.6,65573
658.7,65585
658.8,65597
658.9,65609
659,65621
659.1,65632
659.2,65644
659.3,65656
659.4,65668
659.5,65680
659.6,65691
659.7,65703
659.8,65715
659.9,65727
660,65739
660.1,65750
660.2,65762
660.3,65774
660.4,65786
660.5,65797
660.6,65809
660.7,65821
660.8,65833
660.9,65844
661,65856
661.1,65868
661.2,65879
661.3,65891
661.4,65903
661.5,65915
661.6,65926
661.7,65938
661.8,65950
661.9,65961
662,65973
662.1,65985
662.2,65996
662.3,66008
662.4,66020
662.5,66031
662.6,66043
662.7,66055
662.8,66066
662.9,66078
663,66090
663.1,66101
663.2,66113
663.3,66125
663.4,66136
663.5,66148
663.6,66159
663.7,66171
663.8,66183
663.9,66194
664,66206
664.1,66217
664.2,66229
664.3,66241
664.4,66252
664.5,66264
664.6,66275
664.7,66287
664.8,66298
664.9,66310
665,66322
665.1,66333
665.2,66345
665.3,66356
665.4,66368
665.5,66379
665.6,66391
665.7,66402
665.8,66414
665.9,66425
666,66437
666.1,66448
666.2,66460
666.3,66471
666.4,66483
666.5,66494
666.6,66506
666.7,66517
666.8,66529
666.9,66540
667,66552
667.1,66563
667.2,66575
667.3,66586
667.4,66598
667.5,66609
667.6,66620
667.7,66632
667.8,66643
667.9,66655
668,66666
668.1,66678
668.2,66689
668.3,66700
668.4,66712
668.5,66723
668.6,66735
668.7,66746
668.8,66757
668.9,66769
669,66780
669.1,66792
669.2,66803
669.3,66814
669.4,66826
669.5,66837
669.6,66848
669.7,66860
669.8,66871
669.9,66882
670,66894
670.1,66905
670.2,66916
670.3,66928
670.4,66939
670.5,66950
670.6,66962
670.7,66973
670.8,66984
670.9,66995
671,67007
671.1,67018
671.2,67029
671.3,67041
671.4,67052
671.5,67063
671.6,67074
671.7,67086
671.8,67097
671.9,67108
672,67119
672.1,67131
672.2,67142
672.3,67153
672.4,67164
672.5,67176
672.6,67187
672.7,67198
672.8,67209
672.9,67220
673,67232
673.1,67243
673.2,67254
673.3,67265
673.4,67276
673.5,67288
673.6,67299
673.7,67310
673.8,67321
673.9,67332
674,67343
674.1,67354
674.2,67366
674.3,67377
674.4,67388
674.5,67399
674.6,67410
674.7,67421
674.8,67432
674.9,67444
675,67455
675.1,67466
675.2,67477
675.3,67488
675.4,67499
675.5,67510
675.6,67521
675.7,67532
675.8,67543
675.9,67554
676,67565
676.1,67577
676.2,67588
676.3,67599
676.4,67610
676.5,67621
676.6,67632
676.7,67643
676.8,67654
676.9,67665
677,67676
677.1,67687
677.2,67698
677.3,67709
677.4,67720
677.5,67731
677.6,67742
677.7,67753
677.8,67764
677.9,67775
678,67786
678.1,67797
678.2,67808
678.3,67819
678.4,67830
678.5,67841
678.6,67852
678.7,67863
678.8,67873
678.9,67884
679,67895
679.1,67906
679.2,67917
679.3,67928
679.4,67939
679.5,67950
679.6,67961
679.7,67972
679.8,67983
679.9,67993
680,68004
680.1,68015
680.2,68026
680.3,68037
680.4,68048
680.5,68059
680.6,68070
680.7,68080
680.8,68091
680.9,68102
681,68113
681.1,68124
681.2,68135
681.3,68145
681.4,68156
681.5,68167
681.6,68178
681.7,68189
681.8,68200
681.9,68210
682,68221
682.1,68232
682.2,68243
682.3,68253
682.4,68264
682.5,68275
682.6,68286
682.7,68297
682.8,68307
682.9,68318
683,68329
683.1,68340
683.2,68350
683.3,68361
683.4,68372
683.5,68382
683.6,68393
683.7,68404
683.8,68415
683.9,68425
684,68436
684.1,68447
684.2,68457
684.3,68468
684.4,68479
684.5,68490
684.6,68500
684.7,68511
684.8,68522
684.9,68532
685,68543
685.1,68554
685.2,68564
685.3,68575
685.4,68585
685.5,68596
685.6,68607
685.7,68617
685.8,68628
685.9,68639
686,68649
686.1,68660
686.2,68670
686.3,68681
686.4,68692
686.5,68702
686.6,68713
686.7,68723
686.8,68734
686.9,68744
687,68755
687.1,68766
687.2,68776
687.3,68787
687.4,68797
687.5,68808
687.6,68818
687.7,68829
687.8,68839
687.9,68850
688,68860
688.1,68871
688.2,68881
688.3,68892
688.4,68903
688.5,68913
688.6,68923
688.7,68934
688.8,68944
688.9,68955
689,68965
689.1,68976
689.2,68986
689.3,68997
689.4,69007
689.5,69018
689.6,69028
689.7,69039
689.8,69049
689.9,69060
690,69070
690.1,69080
690.2,69091
690.3,69101
690.4,69112
690.5,69122
690.6,69132
690.7,69143
690.8,69153
690.9,69164
691,69174
691.1,69184
691.2,69195
691.3,69205
691.4,69215
691.5,69226
691.6,69236
691.7,69247
691.8,69257
691.9,69267
692,69278
692.1,69288
692.2,69298
692.3,69309
692.4,69319
692.5,69329
692.6,69339
692.7,69350
692.8,69360
692.9,69370
693,69381
693.1,69391
693.2,69401
693.3,69412
693.4,69422
693.5,69432
693.6,69442
693.7,69453
693.8,69463
693.9,69473
694,69483
694.1,69494
694.2,69504
694.3,69514
694.4,69524
694.5,69535
694.6,69545
694.7,69555
694.8,69565
694.9,69575
695,69586
695.1,69596
695.2,69606
695.3,69616
695.4,69626
695.5,69636
695.6,69647
695.7,69657
695.8,69667
695.9,69677
696,69687
696.1,69697
696.2,69708
696.3,69718
696.4,69728
696.5,69738
696.6,69748
696.7,69758
696.8,69768
696.9,69778
697,69789
697.1,69799
697.2,69809
697.3,69819
697.4,69829
697.5,69839
697.6,69849
697.7,69859
697.8,69869
697.9,69879
698,69889
698.1,69899
698.2,69910
698.3,69920
698.4,69930
698.5,69940
698.6,69950
698.7,69960
698.8,69970
698.9,69980
699,69990
699.1,70000
699.2,70010
699.3,70020
699.4,70030
699.5,70040
699.6,70050
699.7,70060
699.8,70070
699.9,70080
700,70090
