74.66,0.86789
74.746,0.86944
74.831,0.87099
74.917,0.87254
75.003,0.87409
75.088,0.87564
75.174,0.87719
75.26,0.87874
75.345,0.88029
75.431,0.88184
75.517,0.88339
75.603,0.88495
75.689,0.8865
75.775,0.88806
75.861,0.88962
75.947,0.89118
76.033,0.89274
76.12,0.8943
76.206,0.89587
76.292,0.89743
76.379,0.899
76.466,0.90057
76.552,0.90215
76.639,0.90372
76.726,0.9053
76.813,0.90688
76.9,0.90847
76.988,0.91005
77.075,0.91164
77.163,0.91323
77.25,0.91483
77.338,0.91643
77.426,0.91803
77.514,0.91964
77.602,0.92124
77.691,0.92286
77.779,0.92447
77.868,0.92609
77.957,0.92772
78.046,0.92935
78.136,0.93098
78.225,0.93261
78.315,0.93425
78.405,0.9359
78.495,0.93755
78.585,0.9392
78.675,0.94086
78.766,0.94253
78.857,0.94419
78.948,0.94587
79.039,0.94754
79.131,0.94923
79.223,0.95092
79.315,0.95261
79.407,0.95431
79.5,0.95601
79.593,0.95772
79.686,0.95944
79.779,0.96116
79.873,0.96289
79.967,0.96462
80.061,0.96636
80.155,0.9681
80.25,0.96985
80.345,0.97161
80.44,0.97337
80.536,0.97514
80.632,0.97692
80.728,0.9787
80.825,0.98049
80.921,0.98228
81.019,0.98408
81.116,0.98589
81.214,0.9877
81.312,0.98953
81.411,0.99135
81.51,0.99319
81.609,0.99503
81.709,0.99688
81.809,0.99874
81.909,1.0006
82.01,1.0025
82.111,1.0043
82.212,1.0062
82.314,1.0081
82.416,1.01
82.519,1.0119
82.622,1.0138
82.725,1.0158
82.829,1.0177
82.933,1.0196
83.038,1.0216
83.143,1.0235
83.249,1.0255
83.355,1.0275
83.461,1.0294
83.568,1.0314
83.675,1.0334
83.783,1.0354
83.891,1.0374
84,1.0394
84.106,1.0414
84.213,1.0434
84.32,1.0455
84.428,1.0475
84.536,1.0495
84.644,1.0515
84.754,1.0536
84.863,1.0556
84.973,1.0577
85.084,1.0598
85.195,1.0619
85.307,1.0639
85.419,1.066
85.532,1.0682
85.646,1.0703
85.76,1.0724
85.874,1.0745
85.989,1.0767
86.105,1.0788
86.222,1.081
86.339,1.0831
86.456,1.0853
86.574,1.0875
86.693,1.0897
86.813,1.0919
86.933,1.0941
87.053,1.0963
87.175,1.0985
87.297,1.1008
87.42,1.103
87.543,1.1053
87.667,1.1075
87.792,1.1098
87.917,1.1121
88.043,1.1144
88.17,1.1167
88.298,1.119
88.426,1.1213
88.555,1.1236
88.685,1.1259
88.815,1.1283
88.947,1.1306
89.078,1.133
89.211,1.1354
89.345,1.1377
89.479,1.1401
89.614,1.1425
89.75,1.1449
89.886,1.1473
90.024,1.1498
90.162,1.1522
90.301,1.1546
90.44,1.1571
90.581,1.1595
90.722,1.162
90.864,1.1645
91.007,1.167
91.151,1.1694
91.296,1.1719
91.441,1.1744
91.587,1.177
91.734,1.1795
91.882,1.182
92.031,1.1846
92.181,1.1871
92.331,1.1897
92.482,1.1922
92.635,1.1948
92.788,1.1974
92.942,1.2
93.096,1.2026
93.252,1.2052
93.409,1.2078
93.566,1.2104
93.724,1.213
93.883,1.2157
94.043,1.2183
94.204,1.221
94.366,1.2236
94.529,1.2263
94.692,1.2289
94.857,1.2316
95.022,1.2343
95.188,1.237
95.356,1.2397
95.524,1.2424
95.693,1.2451
95.862,1.2478
96.033,1.2506
96.205,1.2533
96.377,1.256
96.551,1.2588
96.725,1.2615
96.9,1.2643
97.076,1.2671
97.253,1.2698
97.431,1.2726
97.61,1.2754
97.789,1.2782
97.97,1.281
98.149,1.2837
98.329,1.2865
98.51,1.2893
98.692,1.2921
98.875,1.2949
99.058,1.2977
99.243,1.3006
99.428,1.3034
99.614,1.3062
99.801,1.309
99.989,1.3119
100.18,1.3147
100.37,1.3176
100.56,1.3204
100.75,1.3232
100.94,1.3261
101.14,1.329
101.33,1.3318
101.53,1.3347
101.72,1.3376
101.92,1.3404
102.12,1.3433
102.31,1.3462
102.51,1.3491
102.71,1.3519
102.91,1.3548
103.12,1.3577
103.32,1.3606
103.52,1.3635
103.73,1.3664
103.93,1.3693
104.14,1.3722
104.35,1.3751
104.55,1.378
104.76,1.3809
104.97,1.3838
105.18,1.3867
105.39,1.3897
105.6,1.3926
105.82,1.3955
106.03,1.3984
106.24,1.4013
106.46,1.4042
106.68,1.4071
106.89,1.4101
107.11,1.413
107.33,1.4159
107.55,1.4188
107.76,1.4217
107.99,1.4247
108.21,1.4276
108.43,1.4305
108.65,1.4334
108.87,1.4363
109.1,1.4392
109.32,1.4422
109.55,1.4451
109.77,1.448
110,1.4509
110.23,1.4538
110.45,1.4567
110.68,1.4596
110.91,1.4625
111.14,1.4654
111.37,1.4683
111.6,1.4712
111.83,1.4741
112.07,1.477
112.3,1.4799
112.53,1.4828
112.77,1.4857
113,1.4886
113.23,1.4914
113.47,1.4943
113.71,1.4972
113.94,1.5001
114.18,1.5029
114.42,1.5058
114.65,1.5087
114.89,1.5115
115.13,1.5144
115.37,1.5172
115.61,1.5201
115.85,1.5229
116.09,1.5257
116.33,1.5286
116.57,1.5314
116.81,1.5342
117.06,1.537
117.3,1.5398
117.54,1.5426
117.78,1.5454
118.03,1.5482
118.27,1.551
118.52,1.5538
118.76,1.5566
119,1.5593
119.25,1.5621
119.49,1.5649
119.74,1.5676
119.98,1.5703
120.23,1.5731
120.48,1.5758
120.72,1.5785
120.97,1.5812
121.21,1.5839
121.46,1.5865
121.7,1.5892
121.95,1.5919
122.2,1.5945
122.44,1.5972
122.69,1.5998
122.94,1.6025
123.18,1.6051
123.43,1.6077
123.68,1.6104
123.92,1.613
124.17,1.6156
124.42,1.6182
124.66,1.6208
124.91,1.6233
125.16,1.6259
125.4,1.6285
125.65,1.631
125.9,1.6336
126.14,1.6361
126.39,1.6387
126.64,1.6412
126.88,1.6437
127.13,1.6462
127.38,1.6487
127.62,1.6512
127.87,1.6537
128.11,1.6562
128.36,1.6586
128.6,1.6611
128.85,1.6635
129.09,1.666
129.34,1.6684
129.58,1.6708
129.83,1.6732
130.07,1.6756
130.32,1.678
130.56,1.6804
130.8,1.6828
131.05,1.6852
131.29,1.6876
131.53,1.6899
131.77,1.6923
132.01,1.6946
132.26,1.6969
132.5,1.6992
132.74,1.7015
132.98,1.7039
133.22,1.7061
133.46,1.7084
133.7,1.7107
133.94,1.713
134.18,1.7152
134.41,1.7175
134.65,1.7197
134.89,1.7219
135.13,1.7242
135.36,1.7264
135.6,1.7286
135.83,1.7308
136.07,1.733
136.3,1.7351
136.54,1.7373
136.77,1.7395
137.01,1.7416
137.24,1.7437
137.47,1.7459
137.7,1.748
137.93,1.7501
138.17,1.7522
138.4,1.7543
138.63,1.7564
138.86,1.7585
139.08,1.7605
139.31,1.7626
139.54,1.7647
139.77,1.7667
140,1.7687
140.22,1.7708
140.45,1.7728
140.67,1.7748
140.9,1.7768
141.12,1.7788
141.34,1.7808
141.57,1.7827
141.79,1.7847
142.01,1.7867
142.23,1.7886
142.45,1.7905
142.67,1.7925
142.89,1.7944
143.11,1.7963
143.33,1.7982
143.55,1.8001
143.76,1.802
143.97,1.8038
144.18,1.8057
144.39,1.8075
144.6,1.8093
144.81,1.8111
145.02,1.8129
145.22,1.8147
145.43,1.8165
145.64,1.8183
145.84,1.8201
146.05,1.8219
146.25,1.8236
146.46,1.8254
146.66,1.8271
146.87,1.8289
147.07,1.8306
147.27,1.8323
147.48,1.834
147.68,1.8358
147.88,1.8375
148.08,1.8392
148.28,1.8409
148.48,1.8425
148.68,1.8442
148.88,1.8459
149.08,1.8476
149.28,1.8492
149.48,1.8509
149.68,1.8526
149.88,1.8542
150.07,1.8558
150.27,1.8575
150.47,1.8591
150.67,1.8607
150.86,1.8624
151.06,1.864
151.26,1.8656
151.45,1.8672
151.65,1.8688
151.85,1.8704
152.04,1.872
152.24,1.8736
152.44,1.8751
152.63,1.8767
152.83,1.8783
153.02,1.8799
153.22,1.8814
153.41,1.883
153.61,1.8845
153.81,1.8861
154,1.8876
154.2,1.8892
154.39,1.8907
154.59,1.8923
154.78,1.8938
154.98,1.8953
155.18,1.8969
155.37,1.8984
155.57,1.8999
155.76,1.9014
155.96,1.903
156.16,1.9045
156.35,1.906
156.55,1.9075
156.75,1.909
156.94,1.9105
157.14,1.912
157.34,1.9135
157.54,1.915
157.74,1.9165
157.93,1.918
158.13,1.9195
158.33,1.921
158.53,1.9225
158.73,1.924
158.93,1.9254
159.13,1.9269
159.33,1.9284
159.53,1.9299
159.74,1.9314
159.94,1.9328
160.14,1.9343
160.34,1.9358
160.55,1.9373
160.75,1.9387
160.95,1.9402
161.16,1.9417
161.36,1.9431
161.57,1.9446
161.78,1.9461
161.98,1.9475
162.19,1.949
162.4,1.9505
162.61,1.9519
162.82,1.9534
163.03,1.9549
163.24,1.9563
163.45,1.9578
163.66,1.9593
163.87,1.9607
164.08,1.9621
164.29,1.9636
164.5,1.965
164.72,1.9665
164.93,1.9679
165.14,1.9693
165.36,1.9708
165.58,1.9722
165.79,1.9737
166.01,1.9751
166.23,1.9766
166.45,1.978
166.66,1.9794
166.89,1.9809
167.11,1.9823
167.33,1.9838
167.55,1.9852
167.77,1.9867
168,1.9881
168.22,1.9896
168.45,1.991
168.68,1.9924
168.9,1.9939
169.13,1.9953
169.36,1.9968
169.59,1.9982
169.83,1.9997
170.06,2.0011
170.29,2.0026
170.53,2.004
170.76,2.0055
171,2.0069
171.23,2.0084
171.47,2.0098
171.71,2.0113
171.95,2.0127
172.19,2.0142
172.43,2.0156
172.68,2.0171
172.92,2.0186
173.17,2.02
173.41,2.0215
173.66,2.0229
173.91,2.0244
174.16,2.0259
174.41,2.0273
174.66,2.0288
174.91,2.0302
175.16,2.0317
175.41,2.0332
175.67,2.0346
175.93,2.0361
176.18,2.0376
176.44,2.039
176.7,2.0405
176.96,2.0419
177.22,2.0434
177.48,2.0449
177.75,2.0463
178.01,2.0478
178.28,2.0493
178.54,2.0508
178.81,2.0522
179.08,2.0537
179.35,2.0552
179.62,2.0566
179.89,2.0581
180.16,2.0596
180.43,2.061
180.71,2.0625
180.98,2.064
181.26,2.0654
181.53,2.0669
181.81,2.0684
182.09,2.0698
182.37,2.0713
182.65,2.0728
182.93,2.0742
183.22,2.0757
183.5,2.0772
183.78,2.0786
184.07,2.0801
184.35,2.0816
184.64,2.083
184.93,2.0845
185.22,2.0859
185.51,2.0874
185.8,2.0889
186.09,2.0903
186.38,2.0918
186.68,2.0932
186.97,2.0947
187.26,2.0961
187.56,2.0976
187.86,2.099
188.15,2.1005
188.45,2.1019
188.75,2.1034
189.05,2.1048
189.35,2.1062
189.65,2.1076
189.94,2.109
190.24,2.1104
190.54,2.1118
190.85,2.1132
191.15,2.1146
191.45,2.116
191.75,2.1174
192.06,2.1188
192.36,2.1202
192.67,2.1216
192.97,2.123
193.28,2.1243
193.58,2.1257
193.89,2.1271
194.2,2.1285
194.51,2.1298
194.82,2.1312
195.13,2.1326
195.44,2.1339
195.75,2.1353
196.06,2.1367
196.37,2.138
196.68,2.1394
196.99,2.1407
197.31,2.1421
197.62,2.1434
197.93,2.1448
198.25,2.1461
198.56,2.1474
198.88,2.1488
199.19,2.1501
199.51,2.1514
199.82,2.1528
200.14,2.1541
200.46,2.1554
200.77,2.1567
201.09,2.158
201.41,2.1594
201.72,2.1607
202.04,2.162
202.36,2.1633
202.68,2.1646
203,2.1659
203.32,2.1672
203.63,2.1685
203.95,2.1697
204.27,2.171
204.59,2.1723
204.91,2.1736
205.23,2.1749
205.55,2.1761
205.87,2.1774
206.19,2.1787
206.51,2.1799
206.83,2.1812
207.15,2.1824
207.47,2.1837
207.79,2.1849
208.11,2.1862
208.43,2.1874
208.75,2.1886
209.07,2.1899
209.39,2.1911
209.7,2.1923
210.02,2.1935
210.34,2.1947
210.66,2.1959
210.98,2.1971
211.3,2.1983
211.62,2.1995
211.94,2.2007
212.25,2.2019
212.57,2.2031
212.89,2.2043
213.21,2.2055
213.52,2.2066
213.84,2.2078
214.16,2.209
214.47,2.2101
214.79,2.2113
215.1,2.2124
215.42,2.2136
215.73,2.2147
216.05,2.2158
216.36,2.217
216.67,2.2181
216.99,2.2192
217.3,2.2203
217.61,2.2214
217.92,2.2226
218.23,2.2237
218.55,2.2248
218.86,2.2258
219.17,2.2269
219.48,2.228
219.78,2.2291
220.09,2.2302
220.4,2.2312
220.69,2.2323
220.98,2.2333
221.27,2.2343
221.56,2.2353
221.85,2.2362
222.14,2.2372
222.43,2.2382
222.72,2.2392
223.01,2.2402
223.29,2.2411
223.58,2.2421
223.87,2.2431
224.15,2.244
224.44,2.245
224.72,2.2459
225.01,2.2468
225.29,2.2478
225.57,2.2487
225.85,2.2496
226.14,2.2506
226.42,2.2515
226.7,2.2524
226.98,2.2533
227.26,2.2542
227.54,2.2551
227.82,2.256
228.1,2.2569
228.38,2.2578
228.66,2.2587
228.93,2.2596
229.21,2.2605
229.49,2.2614
229.77,2.2622
230.04,2.2631
230.32,2.264
230.59,2.2648
230.87,2.2657
231.14,2.2666
231.42,2.2674
231.69,2.2683
231.97,2.2691
232.24,2.2699
232.52,2.2708
232.79,2.2716
233.06,2.2725
233.33,2.2733
233.61,2.2741
233.88,2.2749
234.15,2.2758
234.42,2.2766
234.69,2.2774
234.97,2.2782
235.24,2.279
235.51,2.2798
235.78,2.2807
236.05,2.2815
236.32,2.2823
236.59,2.2831
236.86,2.2839
237.13,2.2846
237.4,2.2854
237.67,2.2862
237.93,2.287
238.2,2.2878
238.47,2.2886
238.74,2.2894
239.01,2.2901
239.28,2.2909
239.54,2.2917
239.81,2.2925
240.08,2.2932
240.35,2.294
240.62,2.2948
240.88,2.2955
241.15,2.2963
241.42,2.297
241.68,2.2978
241.95,2.2986
242.22,2.2993
242.49,2.3001
242.75,2.3008
243.02,2.3016
243.28,2.3023
243.55,2.3031
243.82,2.3038
244.08,2.3045
244.35,2.3053
244.62,2.306
244.88,2.3068
245.15,2.3075
245.41,2.3082
245.68,2.309
245.94,2.3097
246.21,2.3104
246.47,2.3111
246.74,2.3119
247.01,2.3126
247.27,2.3133
247.54,2.314
247.8,2.3148
248.08,2.3155
248.36,2.3162
248.64,2.3169
248.92,2.3176
249.2,2.3184
249.48,2.3191
249.76,2.3198
250.04,2.3205
250.32,2.3212
250.59,2.3219
250.87,2.3226
251.15,2.3234
251.43,2.3241
251.71,2.3248
251.98,2.3255
252.26,2.3262
252.54,2.3269
252.81,2.3276
253.09,2.3283
253.37,2.329
253.64,2.3297
253.92,2.3304
254.19,2.3311
254.46,2.3317
254.74,2.3324
255.01,2.3331
255.28,2.3338
255.55,2.3345
255.83,2.3352
256.1,2.3359
256.37,2.3366
256.64,2.3372
256.91,2.3379
257.17,2.3386
257.44,2.3393
257.71,2.3399
257.98,2.3406
258.24,2.3413
258.51,2.342
258.77,2.3426
259.04,2.3433
259.3,2.344
259.56,2.3446
259.82,2.3453
260.09,2.346
260.35,2.3466
260.61,2.3473
260.87,2.3479
261.12,2.3486
261.38,2.3492
261.64,2.3499
261.9,2.3506
262.15,2.3512
262.41,2.3519
262.66,2.3525
262.91,2.3531
263.16,2.3538
263.42,2.3544
263.67,2.3551
263.92,2.3557
264.16,2.3564
264.41,2.357
264.66,2.3576
264.91,2.3583
265.15,2.3589
265.4,2.3595
265.64,2.3602
265.89,2.3608
266.13,2.3614
266.37,2.362
266.61,2.3627
266.85,2.3633
267.09,2.3639
267.33,2.3645
267.57,2.3651
267.8,2.3658
268.04,2.3664
268.28,2.367
268.51,2.3676
268.74,2.3682
268.98,2.3688
269.21,2.3694
269.44,2.37
269.67,2.3707
269.91,2.3713
270.14,2.3719
270.36,2.3725
270.59,2.3731
270.82,2.3737
271.05,2.3743
271.28,2.3749
271.5,2.3755
271.73,2.3761
271.96,2.3767
272.18,2.3773
272.41,2.3778
272.63,2.3784
272.85,2.379
273.08,2.3796
273.3,2.3802
273.49,2.3807
273.68,2.3812
273.87,2.3817
274.06,2.3822
274.25,2.3827
274.44,2.3832
274.63,2.3837
274.82,2.3842
275.01,2.3847
275.2,2.3852
275.39,2.3857
275.58,2.3861
275.77,2.3866
275.96,2.3871
276.16,2.3876
276.35,2.3881
276.54,2.3886
276.74,2.3891
276.93,2.3896
277.13,2.3901
277.33,2.3907
277.52,2.3912
277.72,2.3917
277.92,2.3922
278.12,2.3927
278.33,2.3932
278.53,2.3938
278.74,2.3943
278.94,2.3948
279.15,2.3953
279.36,2.3959
279.57,2.3964
279.79,2.3969
280,2.3975
280.22,2.398
280.44,2.3986
280.66,2.3992
280.88,2.3997
281.11,2.4003
281.34,2.4008
281.57,2.4014
281.8,2.402
282.03,2.4026
282.27,2.4032
282.51,2.4038
282.76,2.4044
283,2.405
283.25,2.4056
283.5,2.4062
283.76,2.4068
284.01,2.4075
284.27,2.4081
284.54,2.4087
284.81,2.4094
285.08,2.41
285.35,2.4107
285.63,2.4114
285.91,2.412
286.19,2.4127
286.48,2.4134
286.77,2.4141
287.07,2.4148
287.36,2.4155
287.67,2.4162
287.97,2.417
288.29,2.4177
288.6,2.4185
288.92,2.4192
289.24,2.42
289.57,2.4207
289.9,2.4215
290.24,2.4223
290.58,2.4231
290.92,2.4239
291.27,2.4247
291.63,2.4255
291.99,2.4263
292.35,2.4272
292.72,2.428
293.09,2.4289
293.47,2.4297
293.85,2.4306
294.24,2.4315
294.63,2.4324
295.03,2.4333
295.43,2.4342
295.84,2.4351
296.25,2.436
296.66,2.437
297.09,2.4379
297.51,2.4389
297.95,2.4398
298.39,2.4408
298.83,2.4418
299.28,2.4428
299.73,2.4438
300.19,2.4448
300.65,2.4458
301.12,2.4469
301.6,2.4479
302.09,2.449
302.59,2.45
303.1,2.4511
303.61,2.4522
304.12,2.4533
304.64,2.4544
305.17,2.4555
305.7,2.4566
306.23,2.4577
306.78,2.4589
307.32,2.46
307.88,2.4612
308.44,2.4623
309,2.4635
309.57,2.4647
310.14,2.4659
310.72,2.4671
311.31,2.4683
311.9,2.4696
312.49,2.4708
313.1,2.4721
313.7,2.4733
314.31,2.4746
314.93,2.4759
315.55,2.4772
316.18,2.4785
316.81,2.4798
317.45,2.4811
318.09,2.4824
318.74,2.4838
319.39,2.4851
320.05,2.4865
320.71,2.4879
321.38,2.4892
322.05,2.4906
322.73,2.492
323.41,2.4934
324.1,2.4948
324.79,2.4963
325.48,2.4977
326.18,2.4992
326.89,2.5006
327.6,2.5021
328.31,2.5035
329.03,2.505
329.75,2.5065
330.48,2.508
331.21,2.5095
331.95,2.511
332.69,2.5125
333.43,2.5141
334.18,2.5156
334.93,2.5171
335.68,2.5187
336.44,2.5202
337.2,2.5218
337.97,2.5234
338.74,2.525
339.51,2.5265
340.29,2.5281
341.07,2.5297
341.85,2.5313
342.64,2.533
343.43,2.5346
344.22,2.5362
345.02,2.5378
345.82,2.5395
346.62,2.5411
347.43,2.5428
348.23,2.5444
349.04,2.5461
349.86,2.5478
350.67,2.5494
351.49,2.5511
352.31,2.5528
353.13,2.5545
353.95,2.5561
354.78,2.5578
355.61,2.5595
356.44,2.5612
357.27,2.5629
358.1,2.5646
358.94,2.5664
359.78,2.5681
360.61,2.5698
361.45,2.5715
362.29,2.5732
363.14,2.575
363.98,2.5767
364.82,2.5784
365.67,2.5801
366.51,2.5819
367.36,2.5836
368.21,2.5853
369.06,2.5871
369.9,2.5888
370.75,2.5906
371.6,2.5923
372.45,2.594
373.3,2.5958
374.14,2.5975
374.98,2.5992
375.83,2.6009
376.67,2.6025
377.51,2.6042
378.35,2.6059
379.19,2.6076
380.03,2.6093
380.87,2.611
381.71,2.6127
382.55,2.6144
383.38,2.616
384.22,2.6177
385.05,2.6194
385.89,2.6211
386.72,2.6228
387.55,2.6244
388.38,2.6261
389.21,2.6278
390.03,2.6294
390.86,2.6311
391.68,2.6328
392.5,2.6344
393.32,2.6361
394.14,2.6377
394.96,2.6394
395.77,2.641
396.58,2.6427
397.39,2.6443
398.19,2.6459
399,2.6476
399.8,2.6492
400.6,2.6508
401.39,2.6524
402.19,2.654
402.98,2.6556
403.76,2.6572
404.55,2.6588
405.33,2.6604
406.11,2.662
406.88,2.6636
407.65,2.6652
408.42,2.6667
409.19,2.6683
409.95,2.6699
410.71,2.6714
411.46,2.673
412.21,2.6745
412.96,2.676
413.7,2.6776
414.44,2.6791
415.18,2.6806
415.91,2.6821
416.64,2.6836
417.36,2.6851
418.08,2.6866
418.8,2.6881
419.51,2.6895
420.21,2.691
420.91,2.6925
421.61,2.6939
422.31,2.6953
423,2.6968
423.68,2.6982
424.36,2.6996
425.03,2.701
425.71,2.7024
426.37,2.7038
427.03,2.7052
427.69,2.7066
428.34,2.7079
428.99,2.7093
429.63,2.7107
430.26,2.712
430.9,2.7133
431.52,2.7147
432.14,2.716
432.76,2.7173
433.37,2.7186
433.98,2.7199
434.58,2.7211
435.18,2.7224
435.77,2.7237
436.35,2.7249
436.93,2.7262
437.51,2.7274
438.08,2.7286
438.64,2.7298
439.2,2.731
439.76,2.7322
440.3,2.7334
440.85,2.7346
441.39,2.7357
441.92,2.7369
442.45,2.738
442.97,2.7392
443.48,2.7403
443.99,2.7414
444.5,2.7425
