6.1015,4.8991
6.2218,4.9489
6.3421,4.9985
6.4622,5.0478
6.582,5.0967
6.7015,5.1449
6.8206,5.1923
6.9391,5.2389
7.0572,5.2843
7.1745,5.3287
7.2912,5.3717
7.4072,5.4134
7.5223,5.4536
7.6366,5.4922
7.7501,5.5293
7.8626,5.5648
7.9728,5.597
8.0821,5.6277
8.1906,5.6568
8.2984,5.6844
8.4055,5.7108
8.512,5.7359
8.6181,5.7599
8.7238,5.7829
8.8291,5.805
8.9342,5.8263
9.0392,5.8469
9.144,5.867
9.2489,5.8866
9.3538,5.9058
9.4588,5.9248
9.5635,5.9445
9.6684,5.9639
9.7734,5.9831
9.8788,6.0022
9.9845,6.021
10.09,6.0396
10.197,6.058
10.303,6.076
10.41,6.0936
10.517,6.1109
10.625,6.1277
10.732,6.1441
10.84,6.1599
10.948,6.1751
11.056,6.1897
11.162,6.2014
11.268,6.2125
11.375,6.2231
11.481,6.2333
11.587,6.2431
11.693,6.2527
11.8,6.2622
11.907,6.2716
12.013,6.281
12.12,6.2906
12.227,6.3003
12.334,6.3103
12.441,6.3207
12.548,6.3314
12.655,6.3426
12.761,6.355
12.867,6.3678
12.972,6.381
13.078,6.3946
13.184,6.4086
13.291,6.4229
13.397,6.4375
13.503,6.4522
13.61,6.467
13.717,6.4819
13.824,6.4967
13.931,6.5114
14.038,6.5259
14.146,6.5401
14.253,6.554
14.359,6.5656
14.464,6.5768
14.57,6.5876
14.676,6.598
14.782,6.6081
14.888,6.6178
14.995,6.6273
15.101,6.6365
15.208,6.6455
15.315,6.6543
15.422,6.663
15.53,6.6716
15.637,6.68
15.744,6.6884
15.852,6.6968
15.958,6.7054
16.063,6.714
16.169,6.7225
16.275,6.7309
16.381,6.7392
16.487,6.7475
16.593,6.7556
16.7,6.7635
16.807,6.7713
16.914,6.7788
17.021,6.786
17.128,6.793
17.236,6.7996
17.343,6.8058
17.451,6.8117
17.557,6.8154
17.662,6.8188
17.768,6.8218
17.874,6.8247
17.98,6.8273
18.086,6.8298
18.192,6.8323
18.299,6.8348
18.406,6.8373
18.513,6.84
18.62,6.8428
18.728,6.8458
18.835,6.849
18.943,6.8525
19.051,6.8562
19.156,6.8604
19.262,6.8648
19.368,6.8695
19.474,6.8743
19.58,6.8793
19.686,6.8845
19.792,6.8897
19.899,6.8949
20.006,6.9001
20.113,6.9052
20.22,6.9101
20.328,6.9148
20.435,6.9192
20.543,6.9233
20.651,6.927
20.756,6.9285
20.862,6.9296
20.967,6.9304
21.073,6.9308
21.179,6.931
21.285,6.9309
21.392,6.9306
21.498,6.9302
21.605,6.9297
21.712,6.9291
21.82,6.9286
21.927,6.9281
22.035,6.9277
22.143,6.9274
22.251,6.9273
22.356,6.9274
22.462,6.9276
22.567,6.928
22.673,6.9286
22.779,6.9294
22.885,6.9303
22.991,6.9313
23.098,6.9324
23.205,6.9337
23.312,6.9349
23.419,6.9361
23.527,6.9373
23.635,6.9385
23.743,6.9395
23.851,6.9403
23.956,6.9394
24.061,6.9383
24.167,6.937
24.272,6.9357
24.378,6.9342
24.484,6.9327
24.591,6.9312
24.697,6.9297
24.804,6.9282
24.912,6.9268
25.019,6.9254
25.127,6.9241
25.235,6.9229
25.343,6.9218
25.451,6.9207
25.556,6.9197
25.661,6.9187
25.767,6.9177
25.872,6.9168
25.978,6.9158
26.084,6.9148
26.19,6.9137
26.297,6.9125
26.404,6.9111
26.511,6.9095
26.619,6.9076
26.726,6.9055
26.834,6.903
26.943,6.9002
27.051,6.897
27.156,6.8918
27.261,6.8861
27.366,6.8802
27.472,6.874
27.578,6.8677
27.684,6.8611
27.79,6.8545
27.897,6.8479
28.004,6.8412
28.111,6.8347
28.219,6.8282
28.327,6.8219
28.435,6.8158
28.544,6.81
28.652,6.8043
28.757,6.7989
28.862,6.7938
28.967,6.7889
29.073,6.7842
29.178,6.7797
29.285,6.7754
29.391,6.7712
29.498,6.7671
29.605,6.7631
29.712,6.7591
29.82,6.755
29.928,6.7508
30.036,6.7465
30.144,6.7419
30.253,6.7371
30.358,6.7305
30.463,6.7236
30.568,6.7164
30.673,6.709
30.779,6.7014
30.885,6.6936
30.991,6.6856
31.098,6.6775
31.205,6.6693
31.313,6.661
31.42,6.6526
31.528,6.6443
31.637,6.6359
31.745,6.6275
31.854,6.6192
31.959,6.6106
32.064,6.6021
32.169,6.5936
32.274,6.5853
32.38,6.577
32.486,6.5688
32.592,6.5607
32.699,6.5528
32.806,6.5448
32.913,6.537
33.021,6.5292
33.129,6.5214
33.238,6.5136
33.346,6.5058
33.455,6.498
33.56,6.4891
33.664,6.4801
33.769,6.4711
33.875,6.462
33.98,6.4529
34.086,6.4438
34.193,6.4347
34.299,6.4255
34.406,6.4164
34.514,6.4074
34.622,6.3983
34.73,6.3892
34.838,6.3802
34.947,6.3712
35.056,6.3622
35.161,6.3524
35.265,6.3426
35.37,6.3328
35.475,6.3232
35.581,6.3137
35.687,6.3042
35.793,6.2949
35.9,6.2858
36.007,6.2767
36.114,6.2678
36.222,6.2591
36.331,6.2504
36.439,6.2419
36.548,6.2335
36.657,6.2251
36.762,6.2165
36.866,6.2078
36.971,6.1992
37.076,6.1906
37.182,6.1819
37.288,6.1732
37.394,6.1643
37.501,6.1554
37.608,6.1463
37.716,6.137
37.824,6.1276
37.932,6.1179
38.041,6.108
38.15,6.0979
38.259,6.0875
38.363,6.0752
38.468,6.0628
38.573,6.0503
38.678,6.0377
38.783,6.0251
38.889,6.0126
38.995,6.0003
39.102,5.9882
39.209,5.9765
39.317,5.965
39.425,5.954
39.533,5.9433
39.642,5.9332
39.751,5.9235
39.86,5.9142
39.964,5.9059
40.069,5.898
40.173,5.8905
40.278,5.8834
40.384,5.8764
40.49,5.8697
40.596,5.863
40.703,5.8564
40.81,5.8497
40.918,5.8428
41.026,5.8357
41.135,5.8283
41.244,5.8204
41.353,5.8121
41.462,5.8033
41.566,5.7919
41.671,5.7799
41.775,5.7675
41.88,5.7546
41.986,5.7413
42.091,5.7277
42.198,5.7139
42.305,5.6999
42.412,5.6859
42.52,5.6718
42.628,5.6578
42.736,5.644
42.845,5.6304
42.955,5.617
43.064,5.604
43.168,5.5917
43.272,5.5799
43.377,5.5684
43.482,5.5574
43.587,5.5468
43.693,5.5366
43.799,5.5269
43.906,5.5174
44.013,5.5083
44.121,5.4995
44.229,5.491
44.338,5.4826
44.447,5.4744
44.556,5.4662
44.666,5.4581
44.77,5.4485
44.874,5.439
44.979,5.4294
45.084,5.4199
45.189,5.4103
45.295,5.4008
45.401,5.3913
45.508,5.3819
45.615,5.3725
45.723,5.3632
45.831,5.354
45.94,5.3448
46.049,5.3357
46.158,5.3267
46.268,5.3177
46.372,5.3087
46.476,5.2997
46.58,5.2908
46.685,5.2819
46.79,5.2731
46.896,5.2643
47.002,5.2555
47.108,5.2467
47.216,5.2379
47.324,5.2291
47.432,5.2202
47.541,5.2112
47.65,5.2021
47.759,5.193
47.869,5.1837
47.973,5.1732
48.077,5.1626
48.181,5.1519
48.286,5.1413
48.391,5.1306
48.497,5.12
48.603,5.1096
48.71,5.0993
48.818,5.0891
48.926,5.0792
49.034,5.0695
49.143,5.0601
49.253,5.0509
49.362,5.0421
49.472,5.0335
49.575,5.0251
49.678,5.017
49.781,5.0092
49.885,5.0017
49.99,4.9945
50.095,4.9875
50.2,4.9808
50.307,4.9742
50.414,4.9678
50.523,4.9615
50.632,4.9554
50.741,4.9493
50.851,4.9432
50.962,4.9371
51.073,4.9309
51.179,4.9235
51.285,4.9161
51.391,4.9085
51.498,4.9009
51.605,4.8933
51.712,4.8857
51.819,4.8781
51.926,4.8704
52.034,4.8628
52.141,4.8552
52.248,4.8477
52.355,4.8402
52.462,4.8328
52.569,4.8254
52.675,4.818
52.776,4.8104
52.877,4.8028
52.977,4.7952
53.078,4.7877
53.18,4.7802
53.282,4.7726
53.385,4.765
53.489,4.7574
53.595,4.7497
53.703,4.7418
53.813,4.7338
53.925,4.7257
54.039,4.7173
54.157,4.7087
54.277,4.6998
54.382,4.6903
54.492,4.6805
54.606,4.6704
54.727,4.6599
54.854,4.649
54.989,4.6379
55.132,4.6263
55.283,4.6144
55.443,4.6022
55.612,4.5897
55.789,4.5769
55.975,4.5638
56.17,4.5505
56.371,4.537
56.58,4.5233
56.812,4.5079
57.048,4.4925
57.286,4.4773
57.524,4.4623
57.76,4.4477
57.991,4.4336
58.216,4.4201
58.433,4.4073
58.64,4.3953
58.835,4.3842
59.016,4.374
59.183,4.3648
59.333,4.3566
59.467,4.3495
59.584,4.3433
59.64,4.3394
59.68,4.3364
59.708,4.3342
59.725,4.3325
59.735,4.3314
59.74,4.3306
59.744,4.33
59.749,4.3294
59.76,4.3286
59.778,4.3274
59.807,4.3258
59.85,4.3235
59.909,4.3204
59.986,4.3163
60.084,4.3112
60.232,4.3024
60.403,4.2924
60.595,4.2814
60.809,4.2694
61.042,4.2564
61.294,4.2426
61.564,4.228
61.849,4.2128
62.147,4.1971
62.457,4.181
62.775,4.1646
63.1,4.1481
63.428,4.1316
63.759,4.1151
64.089,4.0989
64.38,4.0842
64.668,4.0698
64.952,4.0558
65.233,4.0422
65.509,4.0289
65.78,4.0161
66.048,4.0036
66.312,3.9915
66.573,3.9796
66.83,3.9681
67.086,3.9567
67.339,3.9456
67.591,3.9345
67.843,3.9235
68.094,3.9125
68.351,3.8999
68.609,3.8872
68.868,3.8746
69.128,3.8619
69.39,3.8492
69.654,3.8366
69.92,3.824
70.187,3.8116
70.456,3.7992
70.727,3.787
70.999,3.7749
71.273,3.763
71.548,3.7513
71.823,3.7399
72.099,3.7286
72.361,3.7177
72.624,3.707
72.887,3.6965
73.151,3.6863
73.416,3.6763
73.681,3.6666
73.947,3.657
74.214,3.6477
74.481,3.6385
74.75,3.6295
75.019,3.6206
75.29,3.6118
75.56,3.6031
75.832,3.5945
76.103,3.5859
76.365,3.5766
76.628,3.5673
76.891,3.558
77.154,3.5488
77.418,3.5397
77.684,3.5307
77.95,3.5217
78.216,3.5128
78.484,3.5041
78.753,3.4954
79.023,3.4869
79.293,3.4785
79.564,3.4703
79.835,3.4622
80.107,3.4542
80.369,3.4461
80.631,3.4381
80.894,3.4303
81.157,3.4226
81.422,3.4151
81.687,3.4078
81.952,3.4006
82.219,3.3936
82.487,3.3867
82.756,3.3799
83.026,3.3733
83.296,3.3668
83.567,3.3604
83.839,3.354
84.111,3.3477
84.373,3.341
84.635,3.3343
84.897,3.3276
85.16,3.321
85.424,3.3143
85.689,3.3077
85.955,3.3011
86.222,3.2945
86.49,3.2878
86.759,3.2811
87.029,3.2745
87.299,3.2677
87.571,3.261
87.843,3.2542
88.115,3.2474
88.374,3.24
88.633,3.2325
88.893,3.2251
89.154,3.2176
89.417,3.2103
89.68,3.203
89.945,3.1958
90.212,3.1887
90.48,3.1817
90.75,3.1749
91.022,3.1682
91.294,3.1617
91.568,3.1553
91.843,3.1492
92.119,3.1432
92.389,3.1372
92.66,3.1314
92.931,3.1258
93.201,3.1203
93.471,3.115
93.741,3.1098
94.01,3.1047
94.279,3.0998
94.546,3.095
94.812,3.0902
95.076,3.0856
95.34,3.0809
95.602,3.0762
95.862,3.0716
96.121,3.0669
96.356,3.0615
96.59,3.0561
96.826,3.0506
97.063,3.0451
97.304,3.0396
97.55,3.034
97.801,3.0284
98.06,3.0229
98.326,3.0173
98.601,3.0117
98.885,3.0061
99.18,3.0005
99.485,2.995
99.802,2.9894
100.13,2.9839
100.47,2.9782
100.82,2.9725
101.18,2.9669
101.55,2.9613
101.94,2.9558
102.33,2.9502
102.73,2.9447
103.14,2.9393
103.56,2.9339
103.98,2.9284
104.4,2.9231
104.83,2.9177
105.26,2.9123
105.7,2.907
106.13,2.9016
106.54,2.8957
106.94,2.8898
107.35,2.8839
107.75,2.878
108.15,2.8722
108.55,2.8665
108.95,2.8608
109.35,2.8552
109.75,2.8497
110.14,2.8443
110.54,2.839
110.94,2.8338
111.33,2.8287
111.73,2.8237
112.13,2.8189
112.52,2.8139
112.91,2.8091
113.3,2.8044
113.7,2.7998
114.09,2.7954
114.49,2.7911
114.89,2.7869
115.29,2.7828
115.69,2.7789
116.1,2.775
116.5,2.7713
116.91,2.7676
117.32,2.764
117.73,2.7605
118.14,2.757
118.53,2.7531
118.93,2.7492
119.32,2.7454
119.72,2.7416
120.11,2.7379
120.51,2.7342
120.91,2.7306
121.31,2.7271
121.71,2.7236
122.11,2.7203
122.52,2.717
122.92,2.7137
123.33,2.7106
123.73,2.7074
124.14,2.7044
124.53,2.7012
124.92,2.698
125.32,2.6949
125.71,2.6918
126.11,2.6888
126.5,2.6858
126.9,2.6829
127.3,2.6801
127.7,2.6772
128.11,2.6745
128.51,2.6717
128.92,2.669
129.32,2.6663
129.73,2.6636
130.14,2.6609
130.53,2.6578
130.93,2.6546
131.32,2.6515
131.71,2.6484
132.11,2.6453
132.51,2.6423
132.91,2.6394
133.31,2.6365
133.71,2.6336
134.11,2.6309
134.52,2.6282
134.93,2.6256
135.33,2.6231
135.74,2.6207
136.15,2.6184
136.54,2.6159
136.93,2.6135
137.33,2.6111
137.72,2.6089
138.12,2.6068
138.51,2.6048
138.91,2.6028
139.31,2.601
139.71,2.5993
140.12,2.5976
140.52,2.596
140.93,2.5945
141.33,2.5931
141.74,2.5917
142.15,2.5903
142.54,2.5886
142.93,2.5869
143.33,2.5852
143.72,2.5836
144.11,2.5819
144.51,2.5803
144.91,2.5787
145.31,2.5772
145.71,2.5756
146.11,2.5741
146.52,2.5725
146.93,2.571
147.33,2.5695
147.74,2.5679
148.15,2.5664
148.54,2.5645
148.93,2.5626
149.32,2.5607
149.72,2.5588
150.11,2.5569
150.51,2.5551
150.91,2.5533
151.31,2.5515
151.71,2.5497
152.11,2.548
152.52,2.5463
152.92,2.5446
153.33,2.543
153.74,2.5414
154.15,2.5399
154.54,2.5381
154.93,2.5363
155.32,2.5346
155.72,2.5329
156.11,2.5313
156.51,2.5298
156.9,2.5283
157.3,2.5269
157.71,2.5256
158.11,2.5243
158.52,2.5231
158.92,2.522
159.33,2.5209
159.74,2.5199
160.15,2.5189
160.54,2.5176
160.93,2.5164
161.32,2.5153
161.72,2.5141
162.11,2.513
162.51,2.512
162.91,2.511
163.31,2.51
163.71,2.509
164.12,2.5081
164.52,2.5072
164.93,2.5063
165.34,2.5054
165.75,2.5046
166.16,2.5037
166.55,2.5025
166.94,2.5012
167.33,2.5
167.73,2.4988
168.12,2.4976
168.52,2.4964
168.91,2.4953
169.31,2.4942
169.72,2.4931
170.12,2.492
170.52,2.491
170.93,2.49
171.34,2.4891
171.75,2.4882
172.16,2.4873
172.55,2.4862
172.94,2.4851
173.33,2.484
173.72,2.483
174.12,2.482
174.51,2.4811
174.91,2.4802
175.31,2.4794
175.71,2.4787
176.12,2.478
176.52,2.4773
176.93,2.4767
177.34,2.4761
177.75,2.4755
178.16,2.475
178.55,2.4742
178.94,2.4734
179.33,2.4726
179.72,2.4718
180.12,2.4711
180.51,2.4703
180.91,2.4696
181.31,2.4688
181.71,2.4681
182.12,2.4673
182.52,2.4666
182.93,2.4658
183.34,2.4651
183.75,2.4643
184.16,2.4635
184.55,2.4623
184.94,2.4611
185.33,2.4598
185.72,2.4586
186.11,2.4574
186.51,2.4563
186.91,2.4551
187.31,2.4541
187.71,2.4531
188.11,2.4521
188.52,2.4513
188.93,2.4505
189.34,2.4497
189.75,2.4491
190.16,2.4485
190.55,2.4478
190.94,2.4471
191.33,2.4466
191.72,2.4461
192.11,2.4456
192.51,2.4452
192.91,2.4449
193.31,2.4447
193.71,2.4444
194.11,2.4442
194.52,2.4441
194.93,2.4439
195.34,2.4438
195.75,2.4436
196.16,2.4434
196.55,2.4428
196.94,2.4421
197.33,2.4415
197.72,2.4408
198.11,2.4401
198.51,2.4393
198.9,2.4386
199.3,2.4379
199.71,2.4372
200.11,2.4365
200.52,2.4358
200.93,2.4351
201.34,2.4344
201.75,2.4337
202.16,2.4331
202.55,2.4322
202.94,2.4314
203.33,2.4306
203.72,2.4298
204.11,2.4291
204.5,2.4284
204.9,2.4278
205.3,2.4273
205.7,2.4268
206.11,2.4264
206.52,2.4261
206.93,2.4258
207.34,2.4256
207.75,2.4255
208.16,2.4254
208.55,2.425
208.94,2.4247
209.32,2.4244
209.72,2.4242
210.11,2.4241
210.5,2.424
210.9,2.424
211.3,2.424
211.7,2.4241
212.11,2.4243
212.51,2.4245
212.92,2.4247
213.33,2.425
213.75,2.4253
214.16,2.4256
214.55,2.4256
214.93,2.4257
215.32,2.4258
215.71,2.4258
216.11,2.4259
216.5,2.426
216.9,2.4261
217.3,2.4262
217.7,2.4263
218.11,2.4264
218.51,2.4265
218.92,2.4266
219.33,2.4267
219.75,2.4268
220.16,2.4268
220.55,2.4265
220.93,2.4261
221.32,2.4257
221.71,2.4253
222.11,2.4249
222.5,2.4245
222.9,2.4242
223.3,2.4238
223.7,2.4234
224.1,2.4231
224.51,2.4228
224.92,2.4225
225.33,2.4223
225.75,2.422
226.16,2.4218
226.55,2.4214
226.93,2.4209
227.32,2.4206
227.71,2.4202
228.1,2.4199
228.5,2.4196
228.9,2.4193
229.3,2.4191
229.7,2.419
230.1,2.4188
230.51,2.4187
230.92,2.4186
231.33,2.4185
231.75,2.4185
232.16,2.4184
232.55,2.418
232.93,2.4175
233.32,2.4171
233.71,2.4168
234.1,2.4165
234.5,2.4162
234.89,2.416
235.29,2.4158
235.7,2.4157
236.1,2.4157
236.51,2.4158
236.92,2.4159
237.33,2.4161
237.75,2.4164
238.16,2.4167
238.55,2.4169
238.93,2.4172
239.32,2.4175
239.71,2.4178
240.1,2.4182
240.5,2.4186
240.89,2.4191
241.29,2.4196
241.69,2.4201
242.1,2.4206
242.51,2.4211
242.92,2.4216
243.33,2.422
243.75,2.4224
244.16,2.4228
244.55,2.4227
244.93,2.4225
245.32,2.4223
245.71,2.422
246.1,2.4217
246.49,2.4215
246.89,2.4212
247.29,2.4209
247.69,2.4206
248.1,2.4203
248.51,2.4201
248.92,2.4199
249.33,2.4197
249.74,2.4195
250.16,2.4194
250.54,2.4191
250.93,2.4189
251.32,2.4188
251.71,2.4186
252.1,2.4185
252.49,2.4185
252.89,2.4185
253.29,2.4185
253.69,2.4185
254.1,2.4186
254.51,2.4187
254.92,2.4188
255.33,2.4189
255.74,2.419
256.16,2.4191
256.54,2.4187
256.93,2.4184
257.32,2.418
257.71,2.4176
258.1,2.4172
258.49,2.4169
258.89,2.4165
259.29,2.4162
259.69,2.416
260.1,2.4157
260.5,2.4156
260.92,2.4154
261.33,2.4153
261.74,2.4153
262.16,2.4153
262.54,2.4151
262.93,2.415
263.32,2.415
263.7,2.415
264.09,2.415
264.49,2.4151
264.89,2.4153
265.29,2.4155
265.69,2.4157
266.09,2.416
266.5,2.4163
266.91,2.4166
267.33,2.4169
267.74,2.4173
268.16,2.4176
268.54,2.4175
268.93,2.4175
269.31,2.4174
269.7,2.4173
270.09,2.4173
270.49,2.4173
270.88,2.4173
271.28,2.4173
271.69,2.4174
272.09,2.4175
272.5,2.4176
272.91,2.4178
273.33,2.418
273.74,2.4183
274.16,2.4186
274.54,2.4187
274.93,2.4188
275.31,2.419
275.7,2.4192
276.09,2.4195
276.48,2.4198
276.88,2.4201
277.28,2.4205
277.68,2.4209
278.09,2.4213
278.5,2.4217
278.91,2.4222
279.33,2.4227
279.74,2.4231
280.16,2.4236
280.55,2.4237
280.94,2.4238
281.33,2.4239
281.72,2.424
282.11,2.4241
282.51,2.4242
282.91,2.4244
283.31,2.4246
283.71,2.4248
284.12,2.4251
284.52,2.4254
284.93,2.4258
285.35,2.4262
285.76,2.4267
286.17,2.4272
286.54,2.4275
286.91,2.4278
287.28,2.4282
287.65,2.4286
288.03,2.4292
288.42,2.4297
288.81,2.4304
289.21,2.4311
289.61,2.4319
290.02,2.4327
290.44,2.4337
290.86,2.4346
291.29,2.4357
291.72,2.4367
292.16,2.4378
292.58,2.4386
293,2.4394
293.42,2.4403
293.84,2.4412
294.26,2.4421
294.68,2.443
295.1,2.444
295.51,2.445
295.92,2.446
296.32,2.447
296.71,2.448
297.09,2.449
297.46,2.4501
297.82,2.4511
298.16,2.4521
298.44,2.4528
298.7,2.4534
298.95,2.4541
299.18,2.4547
299.4,2.4554
299.61,2.456
299.81,2.4567
300,2.4573
300.18,2.458
300.35,2.4587
300.52,2.4593
300.68,2.46
300.84,2.4608
301,2.4615
301.16,2.4622
301.28,2.4626
301.4,2.4631
301.53,2.4635
301.67,2.464
301.82,2.4645
301.98,2.4651
302.15,2.4657
302.34,2.4664
302.55,2.4671
302.77,2.4678
303.01,2.4686
303.27,2.4695
303.55,2.4704
303.84,2.4713
